23
0 8 16 1
0 618 730 591 567 11
1 11 18 1
0 67 403 161 409 11
2 10 18 1
0 110 735 175 440 11
3 18 19 1
0 185 400 289 260 11
4 19 1 1
0 295 225 293 46 11
5 19 15 2
0 356 257 469 358 11
1 484 368 563 377 11
6 9 17 1
0 401 763 358 689 11
7 17 16 1
0 386 627 564 522 11
8 16 15 1
0 582 510 582 400 11
9 15 14 1
0 577 369 590 172 11
10 15 13 1
0 605 375 757 375 11
11 20 13 2
0 893 650 800 615 11
1 790 605 767 427 11
12 20 12 1
0 915 603 926 431 11
13 12 6 1
0 996 385 1135 386 11
14 12 0 1
0 934 371 976 140 11
15 13 12 1
0 825 373 915 376 11
16 14 0 1
0 652 127 964 121 11
17 0 5 1
0 1000 120 1200 75 11
18 0 4 1
0 979 111 967 2 11
19 2 14 2
0 464 17 521 78 11
1 522 79 592 117 11
20 14 3 1
0 611 110 643 27 11
21 17 18 1
0 336 653 205 440 11
22 7 20 1
0 928 750 915 652 11
