110
10 5 750
5 10 750
1 2 50
1 3 50
1 4 50
1 5 50
1 6 50
1 7 50
1 8 50
1 9 50
1 10 50
1 11 50
2 1 50
2 3 50
2 4 50
2 5 50
2 6 50
2 7 50
2 8 50
2 9 50
2 10 50
2 11 50
3 1 50
3 2 50
3 4 50
3 5 50
3 6 50
3 7 50
3 8 50
3 9 50
3 10 50
3 11 50
4 1 50
4 2 50
4 3 50
4 5 50
4 6 50
4 7 50
4 8 50
4 9 50
4 10 50
4 11 50
5 1 50
5 2 50
5 3 50
5 4 50
5 6 50
5 7 50
5 8 50
5 9 50
5 11 50
6 1 50
6 2 50
6 3 50
6 4 50
6 5 50
6 7 50
6 8 50
6 9 50
6 10 50
6 11 50
7 1 50
7 2 50
7 3 50
7 4 50
7 5 50
7 6 50
7 8 50
7 9 50
7 10 50
7 11 50
8 1 50
8 2 50
8 3 50
8 4 50
8 5 50
8 6 50
8 7 50
8 9 50
8 10 50
8 11 50
9 1 50
9 2 50
9 3 50
9 4 50
9 5 50
9 6 50
9 7 50
9 8 50
9 10 50
9 11 50
10 1 50
10 2 50
10 3 50
10 4 50
10 6 50
10 7 50
10 8 50
10 9 50
10 11 50
11 1 50
11 2 50
11 3 50
11 4 50
11 5 50
11 6 50
11 7 50
11 8 50
11 9 50
11 10 50
