38
0 3 0 1
0 300.27769001340494 -300.8898107028799 307.90474890288897 -330.4296893074643 5.0
1 0 5 1
0 314.2106357124867 -334.85236197477207 355.15984220663086 -330.9567119049607 5.0
2 0 8 1
0 309.0450081266463 -335.7141913587693 314.4242082051933 -367.304354740656 5.0
3 1 19 1
0 279.25067299068905 -671.452467248193 300.8278341660043 -692.0674202325754 6.0
4 2 17 1
0 153.09595797560178 -567.4629028979689 168.22234448429663 -581.5148250572383 5.0
5 36 2 1
0 33.24526015797164 -545.2533668903634 139.04592640441842 -561.1734532876872 6.0
6 2 25 1
0 152.118273602915 -557.0729358324315 203.93493579071946 -445.9459202673752 5.0
7 16 3 1
0 258.856124779908 -293.8437484197784 297.81618634657934 -298.7248965273611 5.0
8 3 11 1
0 304.8979295780882 -298.7839098122204 349.9701524465345 -292.38459738041274 5.0
9 4 21 1
0 206.90714950533584 -775.3650839438196 225.36113153013866 -612.664351163432 5.0
10 32 6 1
0 141.15897771378513 -10.405764437746257 169.76149820443243 -219.93389158672653 6.0
11 29 6 1
0 69.67096340248827 -235.57101343607064 170.34329956315923 -225.53945392917376 5.0
12 6 13 1
0 171.7800702889217 -226.94048641156405 214.96099828055594 -376.8242923519574 5.0
13 7 34 1
0 336.0676155956462 -752.6381320228102 342.75704836356454 -725.4960559769534 6.0
14 7 22 1
0 334.8042134991847 -757.7643298587063 403.21457119623665 -777.9808361248579 5.0
15 10 7 1
0 332.94473658816423 -762.9042717090342 334.300814872724 -757.6155663990648 5.0
16 35 8 1
0 250.9977543199202 -522.6300325723132 317.0874899158953 -382.9448780796956 5.0
17 9 39 1
0 375.1328385393135 -726.3050949450117 375.850940475706 -714.384853886324 5.0
18 12 35 1
0 231.32645848719403 -580.0375411626883 242.8649627340492 -542.8243000702932 5.0
19 21 12 1
0 227.97541782888584 -598.3657514434308 229.8866443099687 -587.9124730713665 6.0
20 12 31 1
0 230.0219836467877 -587.1722469512606 288.9786425323691 -612.4862128550885 5.0
21 25 13 1
0 206.86542491288856 -437.9839634220116 219.7540396002587 -393.46125011180993 5.0
22 15 13 1
0 182.9827075607609 -412.7829175781226 215.41325150593184 -390.4749020107556 5.0
23 14 26 1
0 9.291137552936561 -495.096115294029 35.883261701324955 -502.95887456217315 5.0
24 15 25 1
0 181.83009383815806 -422.18910059263 198.40210389194544 -439.9995990952011 5.0
25 41 15 1
0 111.18939140404109 -395.9732508129673 167.65008075500373 -413.306230100221 5.0
26 16 40 1
0 253.90806194930337 -294.56254896475 260.8490455078427 -342.3427336058812 5.0
27 17 35 1
0 187.36361403006595 -588.1467290150467 235.4681178361643 -543.7619862071006 5.0
28 17 21 1
0 194.47336688416544 -599.0766203707317 218.95800129231066 -607.5598478518659 8.0
29 25 18 1
0 204.6041026879102 -445.79552452196367 219.18136281019542 -457.32957329042256 5.0
30 33 19 1
0 304.9063411784591 -760.8721215572441 311.69992662162986 -702.4546844790457 5.0
31 19 30 1
0 318.91021157207433 -701.0451923802029 338.6159497910412 -704.2066807872616 6.0
32 26 20 1
0 43.1431421788875 -495.1990661903983 50.412661102367565 -415.81130397773813 5.0
33 31 23 1
0 296.18179702805355 -610.137596668792 345.191568631446 -527.4164673797786 5.0
34 36 26 1
0 34.13804429222364 -539.3201606331859 41.93218002608046 -508.4235417646123 7.0
35 39 28 1
0 376.03283950616606 -713.6655354801333 388.8418337292969 -714.0820128933992 5.0
36 34 30 1
0 343.50821766466834 -718.062173331622 344.8078893250786 -705.2000840709079 5.0
37 30 39 1
0 345.7083203418879 -705.3445446433034 369.8032794262981 -712.5710525034228 5.0
