45
0 311.05769230774604 -332.6410256411182 0 1 2
1 281.323076923145 -669.2833333333256 3
2 148.2188515709713 -559.5199530516984 4 5 6
3 301.7783400809858 -296.7017543859547 0 7 8
4 204.4230769231217 -775.0833333333721 9
5 354.9230769231217 -328.4679487179965 1
6 173.1730769231217 -222.74509803927504 10 11 12
7 332.5230769230984 -754.4833333333954 13 14 15
8 318.2203742204001 -374.70495495502837 2 16
9 372.6373626374407 -726.1547619048506 17
10 330.5230769230984 -762.2833333333256 15
11 349.6187290970702 -289.9094202899141 8
12 227.65547128929757 -583.4354460093891 18 19 20
13 219.75981161696836 -384.45068027218804 12 21 22
14 10.0 -492.6987179487478 23
15 177.30402930406854 -413.6547619048506 22 24 25
16 255.91025641025044 -290.9551282051252 7 26
17 181.34785568423104 -590.2957227139268 4 27 28
18 220.73260073259007 -455.36904761905316 29
19 309.8690228690393 -696.5563063063892 3 30 31
20 47.9230769231217 -415.58333333337214 32
21 223.71719457022846 -604.9754901961423 9 19 28
22 403.9230769231217 -775.5833333333721 14
23 343.04072398191784 -526.1421568627702 33
24 309.9230769231217 -683.5833333333721
25 203.2373626374174 -441.5261904762592 6 21 24 29
26 40.0480769231217 -501.58333333337214 23 32 34
27 215.72307692316826 -604.0833333333721
28 388.9230769231217 -711.5833333333721 35
29 69.4230769231217 -233.08333333337214 11
30 342.6373626374407 -701.8134920635493 31 36 37
31 292.58021978021134 -611.3119047619402 20 33
32 144.13141025649384 -10.0 10
33 302.4230769231217 -760.5833333333721 30
34 340.6452991453698 -721.5277777778683 13 36
35 243.23293607810047 -533.1960093897069 16 18 27
36 29.923076923121698 -541.7196969697252 5 34
37 27.58974358974956 -532.1666666667443
38 285.9230769231217 -674.5833333333721
39 373.5452991453931 -711.0833333333721 17 35 37
40 263.323076923145 -341.9833333333954 26
41 111.9230769231217 -393.58333333337214 25
42 234.1730769231217 -585.0833333333721
43 316.9230769231217 -331.58333333337214
44 157.9230769231217 -569.5833333333721
