23
0 8 16 1
0 618 730 591 567 12
1 11 18 1
0 67 403 161 409 22
2 10 18 2
0 110 735 134 656 22
1 137 647 175 440 12
3 18 19 1
0 185 400 289 260 22
4 19 1 1
0 295 225 293 46 12
5 19 15 2
0 356 257 469 358 22
1 484 368 563 377 12
6 9 17 1
0 401 763 358 689 22
7 17 16 1
0 386 627 564 522 22
8 16 15 1
0 582 510 582 426 12
9 15 14 1
0 577 369 590 172 22
10 15 13 1
0 635 375 757 374 19.5
11 20 13 2
0 893 650 800 615 12
1 790 605 767 427 22
12 20 12 1
0 915 603 926 431 22
13 12 6 1
0 996 385 1109 386 22
14 12 0 1
0 934 371 976 178 12
15 13 12 1
0 825 373 915 376 19.5
16 14 0 1
0 652 127 964 121 12
17 0 5 1
0 1047 108 1163 75 22
18 0 4 1
0 979 111 967 2 12
19 2 14 2
0 464 17 521 78 22
1 522 79 592 117 22
20 14 3 1
0 611 110 643 27 22
21 17 18 1
0 336 653 205 440 22
22 7 20 1
0 928 750 915 652 22
