736
568 1081 200
1081 568 200
899 1307 200
1307 899 200
1322 95 200
95 1322 200
1068 124 200
124 1068 200
1291 605 200
605 1291 200
60 1115 200
1115 60 200
1025 782 200
782 1025 200
1023 1284 200
1284 1023 200
1266 446 200
446 1266 200
584 945 200
945 584 200
604 414 200
414 604 200
788 624 200
624 788 200
63 1139 200
1139 63 200
285 625 200
625 285 200
1017 788 200
788 1017 200
384 1011 200
1011 384 200
331 324 200
324 331 200
447 233 200
233 447 200
204 563 200
563 204 200
1314 658 200
658 1314 200
1054 864 200
864 1054 200
546 773 200
773 546 200
48 782 200
782 48 200
1197 777 200
777 1197 200
1320 1023 200
1023 1320 200
927 493 200
493 927 200
1218 1063 200
1063 1218 200
668 1257 200
1257 668 200
121 734 200
734 121 200
1059 1201 200
1201 1059 200
615 1269 200
1269 615 200
1236 1253 200
1253 1236 200
528 1131 200
1131 528 200
750 604 200
604 750 200
470 770 200
770 470 200
99 906 200
906 99 200
477 299 200
299 477 200
497 1143 200
1143 497 200
809 407 200
407 809 200
1320 540 200
540 1320 200
665 1307 200
1307 665 200
522 559 200
559 522 200
1044 1166 200
1166 1044 200
576 1306 200
1306 576 200
970 140 200
140 970 200
564 335 200
335 564 200
723 1307 200
1307 723 200
1198 470 200
470 1198 200
667 256 200
256 667 200
905 904 200
904 905 200
1201 687 200
687 1201 200
1228 859 200
859 1228 200
206 584 200
584 206 200
1108 519 200
519 1108 200
338 305 200
305 338 200
1049 1044 200
1044 1049 200
780 1011 200
1011 780 200
909 341 200
341 909 200
447 1167 200
1167 447 200
524 68 200
68 524 200
324 326 200
326 324 200
854 85 200
85 854 200
1079 1139 200
1139 1079 200
324 909 200
909 324 200
868 477 200
477 868 200
947 209 200
209 947 200
8 1232 200
1232 8 200
1306 1266 200
1266 1306 200
122 1102 200
1102 122 200
338 175 200
175 338 200
392 593 200
593 392 200
1113 1279 200
1279 1113 200
408 872 200
872 408 200
1009 504 200
504 1009 200
1088 357 200
357 1088 200
442 286 200
286 442 200
449 540 200
540 449 200
408 490 200
490 408 200
367 333 200
333 367 200
1219 1315 200
1315 1219 200
546 752 200
752 546 200
1285 703 200
703 1285 200
1073 905 200
905 1073 200
448 1286 200
1286 448 200
501 1068 200
1068 501 200
170 1261 200
1261 170 200
120 668 200
668 120 200
918 987 200
987 918 200
282 617 200
617 282 200
891 809 200
809 891 200
1017 1054 200
1054 1017 200
603 1319 200
1319 603 200
234 180 200
180 234 200
672 858 200
858 672 200
59 714 200
714 59 200
1307 417 200
417 1307 200
148 672 200
672 148 200
806 915 200
915 806 200
593 95 200
95 593 200
267 916 200
916 267 200
207 1105 200
1105 207 200
719 79 200
79 719 200
940 163 200
163 940 200
1164 1273 200
1273 1164 200
623 970 200
970 623 200
564 906 200
906 564 200
449 1048 200
1048 449 200
1273 180 200
180 1273 200
84 698 200
698 84 200
586 263 200
263 586 200
333 1088 200
1088 333 200
775 1282 200
1282 775 200
84 798 200
798 84 200
669 625 200
625 669 200
1307 375 200
375 1307 200
511 1215 200
1215 511 200
122 1158 200
1158 122 200
514 450 200
450 514 200
59 465 200
465 59 200
856 522 200
522 856 200
1013 1308 200
1308 1013 200
273 151 200
151 273 200
1045 910 200
910 1045 200
336 1094 200
1094 336 200
521 927 200
927 521 200
527 408 200
408 527 200
1305 715 200
715 1305 200
706 1007 200
1007 706 200
941 1098 200
1098 941 200
59 952 200
952 59 200
989 169 200
169 989 200
1107 820 200
820 1107 200
336 1211 200
1211 336 200
121 110 200
110 121 200
1088 420 200
420 1088 200
951 623 200
623 951 200
1078 349 200
349 1078 200
906 449 200
449 906 200
563 1270 200
1270 563 200
429 831 200
831 429 200
658 928 200
928 658 200
1105 819 200
819 1105 200
74 1289 200
1289 74 200
504 1012 200
1012 504 200
915 922 200
922 915 200
52 328 200
328 52 200
1306 1324 200
1324 1306 200
1141 737 200
737 1141 200
1147 852 200
852 1147 200
1273 1197 200
1197 1273 200
1285 203 200
203 1285 200
158 68 200
68 158 200
1269 546 200
546 1269 200
634 694 200
694 634 200
449 1113 200
1113 449 200
668 614 200
614 668 200
1326 101 200
101 1326 200
1201 1289 200
1289 1201 200
1316 95 200
95 1316 200
1013 265 200
265 1013 200
1040 375 200
375 1040 200
96 857 200
857 96 200
605 658 200
658 605 200
1046 79 200
79 1046 200
254 987 200
987 254 200
566 101 200
101 566 200
386 819 200
819 386 200
1273 260 200
260 1273 200
477 688 200
688 477 200
861 1221 200
1221 861 200
288 1147 200
1147 288 200
158 803 200
803 158 200
909 1098 200
1098 909 200
623 1285 200
1285 623 200
81 369 200
369 81 200
337 85 200
85 337 200
715 1141 200
1141 715 200
650 514 200
514 650 200
795 1107 200
1107 795 200
278 1271 200
1271 278 200
257 1081 200
1081 257 200
778 1139 200
1139 778 200
1067 1269 200
1269 1067 200
1113 936 200
936 1113 200
514 209 200
209 514 200
584 702 200
702 584 200
1139 605 200
605 1139 200
476 702 200
702 476 200
765 1081 200
1081 765 200
1236 60 200
60 1236 200
604 303 200
303 604 200
838 472 200
472 838 200
317 290 200
290 317 200
612 1311 200
1311 612 200
408 122 200
122 408 200
1142 1022 200
1022 1142 200
1011 504 200
504 1011 200
667 1318 200
1318 667 200
86 809 200
809 86 200
724 447 200
447 724 200
442 79 200
79 442 200
69 992 200
992 69 200
76 81 200
81 76 200
740 914 200
914 740 200
952 353 200
353 952 200
267 1254 200
1254 267 200
454 215 200
215 454 200
274 1131 200
1131 274 200
429 989 200
989 429 200
765 1049 200
1049 765 200
685 948 200
948 685 200
908 573 200
573 908 200
476 977 200
977 476 200
101 282 200
282 101 200
267 809 200
809 267 200
1139 503 200
503 1139 200
1011 578 200
578 1011 200
108 263 200
263 108 200
8 1195 200
1195 8 200
337 334 200
334 337 200
1244 269 200
269 1244 200
908 783 200
783 908 200
779 580 200
580 779 200
175 563 200
563 175 200
1108 121 200
121 1108 200
1221 1211 200
1211 1221 200
1244 577 200
577 1244 200
676 117 200
117 676 200
950 1011 200
1011 950 200
1221 580 200
580 1221 200
724 1318 200
1318 724 200
1272 1306 200
1306 1272 200
123 1054 200
1054 123 200
1218 408 200
408 1218 200
420 1252 200
1252 420 200
783 672 200
672 783 200
1238 288 200
288 1238 200
60 117 200
117 60 200
1276 1288 200
1288 1276 200
1143 505 200
505 1143 200
917 1300 200
1300 917 200
1272 604 200
604 1272 200
461 856 200
856 461 200
873 1078 200
1078 873 200
472 1018 200
1018 472 200
329 1273 200
1273 329 200
1045 329 200
329 1045 200
857 1215 200
1215 857 200
731 982 200
982 731 200
706 1203 200
1203 706 200
604 783 200
783 604 200
1271 289 200
289 1271 200
669 809 200
809 669 200
175 952 200
952 175 200
1181 35 200
35 1181 200
418 1276 200
1276 418 200
724 108 200
108 724 200
905 922 200
922 905 200
795 408 200
408 795 200
517 208 200
208 517 200
1198 532 200
532 1198 200
1183 38 200
38 1183 200
1143 1052 200
1052 1143 200
1121 1052 200
1052 1121 200
48 1181 200
1181 48 200
983 579 200
579 983 200
433 614 200
614 433 200
795 291 200
291 795 200
927 812 200
812 927 200
940 69 200
69 940 200
987 927 200
927 987 200
1011 175 200
175 1011 200
1315 987 200
987 1315 200
317 375 200
375 317 200
1139 708 200
708 1139 200
215 1131 200
1131 215 200
1271 1260 200
1260 1271 200
80 987 200
987 80 200
604 1142 200
1142 604 200
370 212 200
212 370 200
317 1215 200
1215 317 200
1261 8 200
8 1261 200
634 1276 200
1276 634 200
1054 577 200
577 1054 200
109 477 200
477 109 200
905 1293 200
1293 905 200
288 282 200
282 288 200
52 663 200
663 52 200
982 1215 200
1215 982 200
1215 765 200
765 1215 200
623 76 200
76 623 200
429 1269 200
1269 429 200
532 580 200
580 532 200
800 1184 200
1184 800 200
80 1054 200
1054 80 200
798 514 200
514 798 200
1289 580 200
580 1289 200
151 1121 200
1121 151 200
1260 1011 200
1011 1260 200
634 1215 200
1215 634 200
873 108 200
108 873 200
1316 873 200
873 1316 200
370 443 200
443 370 200
158 798 200
798 158 200
80 856 200
856 80 200
856 420 200
420 856 200
1068 174 200
174 1068 200
1142 38 200
38 1142 200
1068 1131 200
1131 1068 200
38 291 200
291 38 200
416 8 200
8 416 200
644 433 200
433 644 200
644 64 200
64 644 200
644 1131 200
1131 644 200
914 1286 200
1286 914 200
1131 444 200
444 1131 200
151 287 200
287 151 200
1113 1255 200
1255 1113 200
1289 669 200
669 1289 200
1286 1300 200
1300 1286 200
48 856 200
856 48 200
1184 1255 200
1255 1184 200
775 663 200
663 775 200
1215 386 200
386 1215 200
1117 1141 200
1141 1117 200
329 1112 200
1112 329 200
685 1316 200
1316 685 200
909 76 200
76 909 200
404 151 200
151 404 200
708 137 200
137 708 200
611 158 200
158 611 200
282 1141 200
1141 282 200
38 775 200
775 38 200
137 79 200
79 137 200
1184 579 200
579 1184 200
1184 1269 200
1269 1184 200
775 416 200
416 775 200
1112 60 200
60 1112 200
158 909 200
909 158 200
977 1289 200
1289 977 200
905 775 200
775 905 200
940 1112 200
1112 940 200
337 208 200
208 337 200
1131 706 200
706 1131 200
1215 1260 200
1260 1215 200
1141 1112 200
1112 1141 200
121 1316 200
1316 121 200
1112 775 200
775 1112 200
79 1018 200
1018 79 200
775 856 200
856 775 200
859 151 200
151 859 200
1300 158 200
158 1300 200
337 1215 200
1215 337 200
821 1311 200
1311 821 200
859 443 200
443 859 200
603 1316 200
1316 603 200
1269 186 200
186 1269 200
79 1300 200
1300 79 200
775 706 200
706 775 200
79 977 200
977 79 200
1311 977 200
977 1311 200
109 337 200
337 109 200
109 706 200
706 109 200
603 443 200
443 603 200
706 443 200
443 706 200
1269 977 200
977 1269 200
977 706 200
706 977 200
1013 977 200
977 1013 200
