1330
0 1827.9278142352123 -2301.0561213885667 0 1 2 3
1 1053.1638095238013 -1817.0196078431327 4 5 6
2 1306.547326906235 -1933.2517141826684 7 8 9 10 11
3 2090.3034238489345 -2550.262032085564 12 13 14 15
4 258.89661654131487 -301.0766253870679 16 17 18
5 522.4526484751841 -452.9372108394746 19 20 21
6 2883.265901981271 -3010.9076857020846 22 23 24
7 2365.300324675394 -2740.03475935827 25 26 27 28
8 264.8571428571595 -242.85294117650483 29
9 1576.925104022259 -2354.9451741862576 30 31 32
10 2097.1771428571083 -2649.112941176514 33 34 35
11 1310.8142857142957 -1758.5386554622091 36 37 38 39
12 2887.3214285714785 -3099.602941176505 40 41 42
13 2365.076320939348 -2830.8186946011847 43 44 45
14 2879.1664212077158 -3132.342631898122 41 46 47
15 1568.215633423184 -2476.90011098783 48 49 50 51
16 793.2082066868898 -2382.8635794743896 52 53 54 55
17 1830.8087557604304 -2649.2803605312947 56 57 58
18 527.214285714319 -1193.5366146458546 59 60 61 62
19 265.4126984126633 -3019.8344226579648 63 64 65
20 1303.2207792208064 -2605.3327391563216 66 67 68
21 1572.8664451827062 -2603.6924760602415 69 70 71
22 1048.6806722689653 -2353.4803921568673 72 73 74
23 2361.1332622601185 -3128.8380158033688 75 76 77
24 2365.921096345526 -4117.980848153238 78 79 80
25 1053.0520581114106 -2272.039381854469 81 82 83 84
26 2361.988210818381 -3166.537407195894 76 85 86 87
27 1312.0431893687928 -2399.701778385788 88 89
28 2105.2341920374893 -4060.7135969141964 90 91 92
29 2368.9800936768297 -3199.8570395371644 87 93 94 95
30 1046.9484000364318 -3195.522692293278 96 97 98 99 100
31 1050.5268676277483 -1195.8208310847403 101 102 103
32 2102.4915040906053 -4104.247214304283 90 104 105 106
33 2101.581632653135 -4141.046818727511 104 107 108
34 522.8401937045855 -852.9970089731505 109 110 111
35 2619.674185463693 -2465.192540174001 112
36 1046.813664596295 -3132.381926683709 96 113 114
37 784.2124060150236 -969.4187306502135 115 116 117
38 2096.0052910053637 -4186.501089324709 107
39 1833.332871012506 -3040.6344945745077 118 119 120 121
40 525.1180124223465 -807.6790281330468 111 122 123
41 2626.636959370924 -3504.3024824608583 124 125 126 127
42 1307.5191146881552 -3221.7332228666637 128 129 130
43 528.1212938005337 -756.3529411765048 122 131 132
44 2613.2176316555124 -3559.2368515634444 133 134 135 136
45 526.6707021791954 -741.8275174476439 132 137 138
46 2620.6276346604573 -3534.697203471558 126 134 139
47 1313.907990314765 -2175.6919242274016 140 141 142
48 1574.5844155844534 -1976.5802139037987 143
49 266.7830687831156 -571.1307189542567 144 145
50 525.9404761905316 -2720.936274509877 146 147 148
51 2363.908163265325 -3451.6488595438423 149 150 151
52 525.9404761905316 -2708.2696078431327 146
53 2363.2217837411445 -2539.910952226259 152 153 154 155
54 504.63175992504694 -2568.843094349373 156 157 158
55 1836.428571428638 -2276.671622495167 2 159 160
56 520.4126984126633 -1457.9084967320086 161 162 163
57 1046.0162337662186 -699.2165775401518 164 165 166
58 2368.207142857136 -3079.3279411764815 75 167 168
59 522.8571428571595 -2733.352941176505 148
60 261.6071428571595 -504.6029411765048 169
61 519.8095238095848 -612.757703081239 21 138 170
62 2103.5644599302905 -2632.2065997130703 35 171 172
63 781.2645502645755 -2402.056644880213 55
64 1045.3571428571595 -494.0196078431327 173
65 1303.3480519481236 -2256.1529411765514 174 175 176 177
66 2103.1648351649055 -4233.199095022632 178 179 180
67 1040.7701863354305 -1839.8312020460144 5 181 182
68 783.3571428571595 -375.8529411765048 183
69 782.3571428571595 -344.3529411765048 184
70 1039.870656370651 -2370.6772655008826 72 185 186
71 1583.9326145552332 -1938.315205327468 187 188 189 190
72 2635.646616541315 -3022.8942945599556 191 192 193
73 1846.5588972431142 -2991.3353973168414 119 194 195
74 520.8571428571595 -741.8529411765048 137
75 1041.3571428571595 -2349.352941176505 74 196
76 1582.813664596295 -1761.4833759590983 197
77 2376.431055900641 -3221.9877237852197 95 198 199
78 1586.874384236522 -2069.059837728273 200 201 202
79 779.3571428571595 -555.3529411765048 203
80 776.7802197802812 -2372.237556561129 52
81 253.65714285720605 -905.6529411765514 204
82 1303.3571428571595 -2394.352941176505 88 205
83 2109.2613981763134 -2137.5657071339665 206 207 208
84 2105.1904761905316 -4210.852941176505 178
85 514.6071428571595 -3551.602941176505 209
86 2087.2207792208064 -4257.443850267446 179
87 1562.5879120879108 -1968.8529411765048 143 187 210 211
88 2346.7435064935125 -2408.8302139037987 212 213 214
89 1318.0959488273365 -2090.8604038630147 215 216 217
90 2090.376010781736 -2366.230299667106 218 219 220
91 1562.7025036818814 -2108.760157671408 202 221 222 223
92 794.8760107817361 -719.9378468368668 224 225 226
93 2352.6707021791954 -2676.5054835494375 227 228 229
94 273.00128700130153 -3302.3439321675105 64 230 231
95 796.678571428638 -2515.888655462186 232
96 10.0 -58.781512605026364 233
97 2345.682142857113 -2770.915441176505 25 234 235 236
98 2346.1180124223465 -2858.8312020460144 44 237 238
99 534.3571428571595 -269.3529411765048 239
100 540.9682539682835 -1226.9862745098071 60 240 241 242
101 1055.6904761905316 -2464.241830065381 243
102 1068.1418143899646 -1351.7617003006162 244 245 246
103 529.6428571428405 -3076.852941176505 247 248 249
104 1830.5932539682835 -2842.352941176505 250 251 252
105 1320.4893267651787 -2352.67478025693 253 254 255 256
106 2092.1525974025717 -2162.125668449211 207 257 258
107 1322.9703504043864 -2225.9755826859036 176 259 260 261
108 1317.1428571428405 -2432.067226890824 262
109 266.7321428571595 -1073.7279411765048 263
110 526.8571428571595 -2630.602941176505 264
111 2381.3110902255867 -4008.2410990712233 265 266 267
112 2382.665807117126 -3014.9016776386416 268 269 270
113 2377.3217446270864 -4044.937011973001 78 265 271 272
114 2375.7539170506643 -3039.4948766604066 167 268 273
115 1595.673234811169 -2607.008113590302 69 274 275
116 1851.5694716243306 -2800.1063658340136 252 276 277
117 1591.9238095238106 -2661.619607843226 71
118 1328.1518796993187 -3243.5318885449087 128 278 279
119 1070.0420168067794 -1075.5630252101691 280 281 282 283
120 1855.2510822510812 -2880.292335115955 284
121 1065.8571428571595 -1019.8529411765048 283
122 540.8571428571595 -2721.352941176505 147
123 1853.9553571428405 -1927.9154411765048 285
124 1590.5042016806547 -2779.882352941204 286
125 541.8571428571595 -2706.352941176505
126 541.3571428571595 -2668.352941176505
127 2386.2922893007053 -3246.306916071917 199 287 288 289
128 804.5446428571595 -793.9466911765048 290 291 292
129 540.8571428571595 -2641.352941176505
130 2643.646133682807 -3408.2703723692102 293 294 295
131 2635.8459696727805 -3455.755175813334 125 293 296 297
132 802.120300751878 -777.0897832817864 224 290 298
133 1065.6185064935125 -1802.5461229947396 6 299 300
134 1330.5280289330985 -1896.555472822045 11 301 302 303
135 285.0310559006175 -288.24424552428536 17 304
136 2374.131336405524 -2523.9497153700795 155 305 306
137 1069.5310559006175 -695.3312020460144 165
138 2380.075747508323 -3537.6599179207115 151 307 308
139 1850.8141321045114 -2256.374446552829 159 309 310
140 1063.3333333333721 -1611.6386554621859 311
141 2379.8315018315334 -2638.0965309201274 229 312 313 314
142 1331.7971428571036 -1726.9929411765188 39 315 316
143 2116.652841781848 -2514.342188488343 15 317 318 319
144 2905.5808270677226 -2970.4187306502135 320 321 322
145 2902.2757475082763 -3011.5041039672215 22 320 323
146 1328.8938401049236 -2581.7382622774458 67 324 325
147 545.225563909742 -1148.0897832817864 326 327 328
148 2638.2571428571828 -2944.5529411764583 329
149 2636.219211822725 -2989.318458417896 191 330 331
150 1328.8571428571595 -2496.0264105643146 332 333 334
151 1591.057142857113 -2434.752941176528 335
152 542.217798594851 -1052.4840887174942 336 337 338
153 1064.0065681445412 -2331.6173089925433 73 339 340
154 1066.0538641685853 -1319.4840887174942 102 246
155 1597.4826572604943 -2442.11014282261 51 335 341 342 343
156 1329.4613095237873 -2412.123774509877 89 262 344
157 546.7000000000698 -963.3386554622557 345 346 347
158 2116.3571428571595 -2316.852941176505 348
159 2125.6648351649055 -2322.2760180996265 220 348 349
160 2385.0550595237873 -2510.1758578431327 305 350 351
161 2645.575091575156 -2945.660633484251 329 352 353
162 2645.0863095237873 -2963.602941176505 331 352 354
163 540.8571428571595 -38.35294117650483 355
164 1863.794150731177 -2608.9277443260653 56 356 357
165 1599.5238095237873 -2754.1575388776837 286 358 359
166 2651.218012422323 -3367.235549872159 294 360 361 362
167 2650.6795727637364 -2903.3622869709507 363 364 365
168 2130.610389610403 -2808.937356760958 366 367 368
169 1322.8571428571595 -2084.5196078431327 216
170 536.8571428571595 -1457.8529411765048 163
171 2387.017142857192 -2799.5262745098444 45 236 369
172 1868.1071428571595 -2331.639978213585 3 370 371 372
173 1059.3571428571595 -2337.852941176505
174 1321.3571428571595 -2465.352941176505 373
175 2646.810084033641 -4380.917647058843 374
176 2400.134453781531 -2922.07703081239 375 376 377 378
177 1602.1512605042662 -2323.9607843137346 30 379 380
178 2391.5301286391914 -2970.7178700864315 269 375 381
179 1582.1904761905316 -2348.686274509877
180 551.4935064935125 -1145.4438502674457 326
181 290.74285714281723 -899.7529411765281 204 263 382
182 1071.9473684211262 -2241.262715612538 84 383 384 385
183 548.074534161482 -929.1355498721823 110 347 386
184 1081.45484400657 -1195.2609871535096 101 282 387
185 1340.9301355578937 -2322.1704594247276 255 388 389 390 391
186 1075.1771428571083 -2015.1929411764722 392
187 817.4971428571735 -858.2129411764909 393 394 395 396
188 1333.7946428571595 -2146.415441176505 142 397 398
189 811.4986522911349 -826.0510543840937 396 399 400 401
190 809.1797235023696 -809.2561669829302 292 401 402
191 1074.9652509653242 -1923.6096979333088 403 404 405
192 1335.647465437767 -2060.901328273234 406 407
193 1073.4682539682835 -895.0196078431327 408 409 410
194 1077.1298701298656 -1779.250668449211 299 411 412
195 809.9047619047342 -2574.8450046685757 156 413 414
196 26.811688311747275 -76.67112299473956 233 415 416
197 816.4821428571595 -455.1654411765048 417 418 419
198 812.2764976958279 -421.99810246680863 417 420 421
199 813.4464285714785 -402.5672268908238 421 422 423 424
200 813.1460317460587 -373.9307189543033 183 424 425
201 812.9238095238106 -344.3529411765048 184 425 426
202 1069.5162337662186 -2445.966577540152 427 428 429
203 810.1180124223465 -315.1355498721823 426
204 285.3571428571595 -795.8529411765048 430
205 286.3571428571595 -671.3529411765048
206 809.1904761905316 -1713.686274509877 431
207 2634.3571428571595 -3510.852941176505 127
208 2372.657142857206 -3449.752941176528 149
209 2898.1071428571595 -3092.102941176505 40
210 2634.8571428571595 -3013.852941176505
211 1330.6071428571595 -2369.602941176505
212 804.8571428571595 -2571.852941176505 413
213 295.8827838827856 -1080.3529411765048 432 433
214 1606.2764976958279 -2039.7561669829302 201 434 435
215 2393.057142857113 -3489.752941176528 436
216 2399.902368987794 -2486.7348507242277 351 437 438 439
217 820.6038095238619 -2353.2596078431234 53 440 441
218 1874.1420265780762 -2228.509917920688 310 442 443 444
219 1345.3154761905316 -2559.3008578431327 324 445 446
220 1623.1213915618137 -2149.4479325409047 221 447 448 449
221 1347.7061994608957 -2507.069922308554 333 450 451
222 2132.8497354497667 -2490.4714596950216 319 452 453 454
223 1356.8299319727812 -2429.142056822777 334 344 373 455 456
224 2657.7213403880596 -2859.883805374033 457 458 459
225 1874.828840970411 -2419.8246392897563 460 461 462
226 2389.645604395657 -2703.449095022632 26 227 463
227 2658.2649098474067 -2879.1684751571156 363 458 464
228 2655.2119815668557 -3909.046489563654 465 466 467
229 2130.1238095238805 -2605.3307189543266 171 468 469
230 2651.9602356406394 -2922.3323226198554 353 364 470
231 563.3480519481236 -848.7347593583399 109 471 472
232 1874.9579180509318 -2591.8335613314994 357 473 474
233 2655.399515738478 -4011.4037886341102 475
234 1345.5238095237873 -3227.486274509807 130
235 2398.473112438922 -3895.124804294319 476 477 478
236 1342.4247104247333 -2195.6232114468003 141 261 479 480
237 2393.8768796992954 -3942.010835913359 478 481 482
238 2671.4251253133407 -4083.4845201239223 483 484 485 486
239 2390.125 -3963.7457983193453 267 482 487
240 2665.361380145303 -4151.7385343968635 374 483 488 489
241 2656.3116883117473 -4139.928698752308
242 1611.083557951497 -2586.3718091010815 274 490 491
243 1868.7542016806547 -2750.470588235301 276 492 493
244 2661.0359138068743 -3318.4479132435517 494 495 496 497
245 2657.282674772083 -3340.0231539424276 360 494 498
246 1350.0173638516571 -1866.899902502424 302 499 500 501
247 2403.5901937045855 -3280.9970089731505 288 502 503 504
248 1875.1190476190532 -2995.9957983193453 194 505 506
249 824.4668989547063 -535.9139167863177 507 508 509
250 822.5879120879108 -520.2375565611292 508 510 511
251 1603.365914786933 -1906.686274509877 188 512 513
252 820.0714285714785 -486.99579831934534 418 510 514
253 2662.380219780258 -3514.9529411764815 515 516
254 555.1904761905316 -3126.686274509877 249
255 2662.239165329025 -2822.330469266395 459 517 518
256 2655.8571428571595 -3988.352941176505 475
257 819.1904761905316 -871.686274509877 393
258 2400.6282271945383 -2607.822820694535 312 519 520 521
259 2149.97402597405 -4111.37458619813 105 522 523 524
260 817.9159663865576 -244.70588235300966 525
261 2662.4800936768297 -3888.352941176505 465 526 527 528
262 1880.7532467532437 -2712.3789152024547 492 529 530
263 553.3571428571595 -550.8529411765048 170
264 2669.8490127758123 -3278.218794835033 495 531 532 533
265 815.1904761905316 -487.68627450987697 514
266 2143.5238095237873 -4237.150326797389 180 523 534 535
267 2136.490476190462 -4277.086274509784 535
268 1076.8571428571595 -1143.3529411765048
269 1885.8258928571595 -3730.0675245098537 536
270 1090.2976190476911 -1763.3767507002922 412 537 538
271 833.3904761904851 -2537.6329411765328 232 414 539 540
272 1355.4344624447403 -1740.3632504548877 315 541 542
273 2125.8571428571595 -2436.352941176505 543
274 2122.8571428571595 -2490.852941176505 452
275 570.9126984126633 -1005.748774509877 336 345 544
276 1090.2116883116541 -2210.1620320855873 384 545 546 547
277 567.2371428571641 -883.6929411764722 471 548 549
278 307.8571428571595 -740.5129411765374 550
279 567.1071428571595 -759.7696078431327 131 551 552
280 1353.7186813186854 -2115.0298642534763 215 398 553
281 1356.1308270676527 -2029.995046439697 407 554 555
282 825.3571428571595 -652.3529411765048 556
283 2649.3571428571595 -3980.352941176505
284 1348.3571428571595 -2383.352941176505
285 2650.9682539682835 -3935.093681917293 467
286 2128.707142857136 -2110.1529411765514 208
287 1084.7460317460354 -2497.9084967320086 429
288 1085.8571428571595 -1009.8529411765048 408
289 299.3571428571595 -1559.3529411765048 557
290 560.8571428571595 -1548.8529411765048 558
291 299.3571428571595 -1056.3529411765048 433
292 586.3997219325975 -1699.4308000572491 431 559 560
293 311.6071428571595 -1532.7904411765048 557 561 562
294 2408.6626984126633 -2769.1584967320086 28 369 563
295 1630.193426043028 -2396.998958875658 31 343 564 565
296 2409.8967468175106 -3860.699475829955 476 566 567
297 2415.2478991596727 -2853.2857142857974 377 568 569
298 1101.4207792207599 -1878.8802139037289 182 405 570
299 311.53896103892475 -1356.625668449211 571
300 1101.1705756930169 -1743.4872695347294 538 572
301 316.8571428571595 -255.1681585678598 304 573 574
302 1635.4250440917676 -2618.8961510530207 275 359 491 575 576
303 314.3571428571595 -210.85294117650483 574
304 2678.6886284447974 -3217.811921220855 531 577 578 579 580 581 582
305 2145.309523809585 -3980.2338935574517 583
306 1364.6668773704441 -2752.525507548242 584 585 586
307 841.5932539682835 -400.422385621001 423 525 587 588
308 317.5515873016557 -76.76960784313269 589 590 591
309 1887.9190897598164 -2947.5033836544026 592 593 594
310 1885.0238095237873 -2956.5196078431327 505 593
311 2674.0158730158582 -3469.7815126050264 296 515 595 596
312 574.3308270677226 -1107.4757481940323 337 597 598
313 2416.139194139163 -3435.545248868759 599 600
314 571.1904761905316 -909.6029411765048 386 549 601
315 1359.5620608899044 -2292.30376084859 177 391 602
316 1885.4354561101645 -2313.846917080111 160 372 603
317 2147.1696428571595 -2470.040441176505 454
318 1103.8571428571595 -3136.378714372404 604 605
319 2674.6298701298656 -3822.959001782583 606 607 608
320 2671.4000000000233 -3847.9529411764815 526 606 609 610
321 2144.4223602485145 -2576.28772378515 12 468 611
322 1362.3285714285448 -2163.7100840336643 397 479 612 613
323 1620.7247899159556 -2294.2058823530097 379 614 615
324 2673.557142857113 -3892.752941176528 527
325 2156.8432539682835 -2765.686274509877 366 616 617 618
326 311.8571428571595 -303.3529411765048 619
327 2672.4935064935125 -4163.262032085564
328 831.8988095237873 -2451.1446078431327 620
329 1359.3571428571595 -1733.8529411765048 542
330 2158.8073916133726 -2280.5320456541376 349 621 622 623
331 2151.285714285681 -2291.067226890824 623
332 2419.240376390051 -2460.5385699190665 214 438 624
333 1625.3571428571595 -2402.852941176505 565
334 1095.3571428571595 -891.8529411765048 410
335 1629.9514824798098 -2785.937846836867 625
336 46.35714285715949 -292.8529411765048 626
337 2940.6428571428405 -3248.067226890824 627
338 2153.7207792208064 -4034.5574866310926 522
339 2150.8571428571595 -4197.852941176505
340 2681.8674521355424 -3796.858095815638 607 628 629 630
341 307.25714285718277 -13.552941176458262 589
342 2425.8571428571595 -3327.391734279925 503 631 632
343 2421.623376623378 -2577.872421695967 154 520 633 634
344 2682.7662337662186 -2826.134759358363 518 635 636
345 2684.4155184916453 -4042.5052254404873 485 637
346 2419.3277310924605 -4156.078431372531 79 638 639
347 1637.5658807212021 -2767.3917761279736 358 625 640
348 2420.647840531543 -3488.794801641605 436 641 642
349 2155.8571428571595 -3526.852941176505 643
350 1112.376010781736 -2178.4755826859036 547 644 645
351 1372.1904761905316 -2274.231729055289 602 646
352 1112.4179536679294 -1943.3799682034878 403 647 648 649
353 1108.1797235023696 -2818.740037950687 113
354 319.07142857147846 -1368.686274509877 562 571 650
355 56.80308880307712 -222.0826709062094 416 626 651
356 328.8946428571362 -362.1029411765048 652 653 654
357 845.3571428571595 -616.8529411765048 655
358 320.08970099664293 -320.3064295486547 619 652 656
359 850.7994505494135 -555.5452488687588 203 657 658
360 1370.4103343464667 -1836.2181894034147 500 659 660 661
361 851.3571428571595 -537.6122004357167 507 657 662
362 324.4571428571362 -93.1529411765514 591 663 664
363 1413.678675917443 -2546.1990500120446 446 450 585 665 666 667 668
364 1108.8148893360049 -2359.000828500488 340 669 670
365 583.6456043956568 -3013.5260180996265 247 671 672 673
366 1102.8571428571595 -3185.852941176505
367 2402.3571428571595 -3945.352941176505 481
368 1881.2207792208064 -2425.4438502674457 460 674
369 1103.8571428571595 -1970.8529411765048 647
370 1897.8154761905316 -2868.1446078431327 251
371 1381.1622276029084 -2388.352941176505 254 455 675 676
372 1379.5584415585035 -2262.0282658517826 259 646 677 678
373 326.31868131866213 -700.7888386123814 679 680
374 329.7701863354305 -651.5703324808273 681 682
375 1113.4489795918344 -1073.393757503014 281
376 593.5826330531854 -2779.274509803974 671 683 684
377 2419.133004926145 -3458.2839756592875 599 641 685
378 1904.2460317460354 -2190.4084967320086 443 686 687
379 2424.9710669077467 -3526.4795234550256 308 642 688
380 1380.2527472528163 -2129.8804137039697 553 613 689 690
381 1913.9025974025717 -2277.984254307812 444 603 691 692
382 2692.434920634958 -3737.597385620931 693 694 695 696
383 2685.9837251356803 -3768.023827252444 630 695 697 698
384 2162.557142857113 -3493.5529411764583 699
385 1381.508571428596 -1989.884369747946 9 554 700 701
386 2166.5238095237873 -2548.945533769089 317
387 1640.9652509653242 -2263.0556438792264 615 702 703
388 856.335403726669 -631.1355498721823 704 705 706
389 851.8109890109627 -616.6606334842509 655 704 707
390 2959.8792423047125 -3018.6733831655 323 708 709
391 333.9019189765677 -3298.935030728695 230 710 711
392 330.3571428571595 -1292.3529411765048 712
393 1113.657142857206 -1725.2983957219403 572 713 714
394 2424.6412337662186 -3833.727941176505 566 715 716
395 1644.157142857206 -2408.0529411764583 564 717 718
396 852.3015873016557 -2507.811274509877 540 719 720
397 2695.4551328069065 -3102.277564292075 721 722 723 724
398 587.9917582417838 -1230.0644796380075 241 725 726
399 2686.796841349569 -3159.659473839798 582 727 728 729
400 2692.7413533835206 -3124.763467492303 721 727 730
401 334.3222591362428 -1088.655266757938 432 731 732
402 590.279365079361 -1190.53071895428 59 725 733
403 2427.725563909742 -4053.1292569659417 271 734 735
404 851.3571428571595 -2320.352941176505 440
405 593.2380952381063 -1158.8529411765048 327 597 733
406 2424.843984962441 -4097.984520123922 638 735 736
407 2425.3571428571595 -4158.852941176505 639
408 1643.5396825396456 -2849.146591970115 737
409 2696.425770308124 -3520.441176470602 516 738 739
410 327.2380952381063 -678.8767507002922 680 681
411 850.9238095238106 -586.3529411765048 658 707 740
412 1647.0213219616562 -1979.0842844600556 189 435 741
413 2447.9526045159437 -2731.4217987664742 463 563 569 742
414 584.3571428571595 -3128.352941176505 673
415 2697.8038095238153 -3375.0062745098257 362 596 743
416 2172.417748917709 -3556.6105169340735 744
417 62.35714285715949 -164.85294117650483 745
418 63.85714285715949 -107.85294117650483 415
419 1915.4254488680745 -2542.4021215044195 474 746 747
420 846.1904761905316 -2503.686274509877 719
421 2698.6242661448196 -3707.311845286051 693 748 749 750
422 1917.2161172161577 -2370.7332830568776 371 462 751 752
423 1651.2645502645755 -2575.056644880213 576 753 754
424 2175.9404761905316 -2740.752941176528 618 755 756
425 339.4508928571595 -75.94669117650483 590 663 757 758
426 340.34285714291036 -940.4957983193453 382 759 760
427 1121.6285714285914 -2340.752941176528 670 761 762
428 1386.1975683891214 -2448.608260325389 451 456 763 764
429 1126.763809523778 -1196.1529411765514 387
430 1119.7380952381063 -3149.9481792717706 604 765
431 1385.839901477797 -3210.404665314476 766 767 768
432 1128.5863095237873 -2043.5821078431327 392 769 770
433 1120.9382239382248 -2896.74483306834 771
434 1124.5545112781692 -1842.0897832817864 300 570 772
435 862.7946428571595 -677.6029411765048 773 774 775
436 1390.500978473574 -1974.9556809025817 10 700 776 777
437 862.9747899159556 -662.6764705883106 705 773 778
438 1126.3492063492304 -1702.479925303487 714 779 780
439 865.2833723654039 -537.6152362584835 588 662 781
440 336.97783251234796 -240.654665314476 573 782
441 1390.4935064935125 -1804.9957983193453 38 660 783 784
442 337.3571428571595 -171.85294117650483 664
443 336.3571428571595 -972.3529411765048 759
444 2680.5238095237873 -3274.0196078431327 533
445 2419.7983193277614 -4346.941176470602
446 2158.657142857206 -3399.252941176528 785
447 2682.657142857206 -3847.9529411764815 610
448 856.3571428571595 -2593.852941176505 786
449 332.8571428571595 -1141.3529411765048 731
450 593.8571428571595 -760.8529411765048 551
451 2703.706457925611 -3680.161160354619 748 787 788 789
452 2965.512880562106 -2840.189006750239 790 791 792
453 2442.5764411027776 -2546.7564499484142 350 634 793 794
454 1919.0879120879108 -3264.660633484251 795
455 2179.1904761905316 -3426.852941176505 796 797
456 1137.213307240745 -1687.2707493957132 779 798 799
457 1661.987577639753 -2231.026854219963 702 800 801
458 872.6648351649055 -2476.006787330378 620 720 802
459 2968.1904761905316 -2986.076750700362 322 709 803
460 2440.2244897959754 -3806.454981992836 716 804 805
461 2701.457142857136 -3966.5129411765374 637
462 1135.8775510204723 -2484.4345738295233 428 806 807
463 2721.4734794908436 -3013.3455154339317 193 808 809 810
464 2706.1032967033098 -3037.906787330401 808 811 812
465 1140.5992481203284 -1339.9792569660349 244
466 2701.5413533834508 -3065.8397832817864 722 811 813
467 1132.428571428638 -2322.442226890824 82 762 814 815
468 2444.4088669951307 -3954.421906693722 816 817
469 2439.5826330531854 -3973.2941176471068 487 734 817
470 1656.3571428571595 -2545.352941176505 50
471 617.3899297424359 -1005.5332690454088 544 818 819
472 2963.2207792208064 -3352.8680926916422 820
473 1394.1632653061533 -2367.291716686683 390 675 821
474 1136.5904761904385 -2151.914845938445 645 822 823
475 1396.9858557285042 -2232.402446127031 480 678 824 825
476 606.3571428571595 -783.8529411765048 123
477 867.8058608059073 -2902.0965309201274 826
478 2181.9795918368036 -4113.342737094848 524 827 828
479 1651.6071428571595 -2822.7071078431327 737 829 830
480 2707.9267631103285 -3475.295979151153 595 738 831 832
481 348.30612244899385 -1544.9651860744925 561 833 834
482 2452.9223602485145 -3382.6355498721823 631 835 836
483 2182.0981067125686 -4236.148121899343 534 837 838 839
484 1662.1748998664552 -1959.2594832326286 512 741 840
485 877.0018796992954 -724.4976780186407 225 841 842 843
486 869.6349206349114 -694.6029411765048 774 842 844
487 1921.3690476190532 -2163.7696078431327 686 845 846
488 339.7008928571595 -3371.977941176505 710 847
489 2185.657142857206 -3393.810084033641 785 848 849
490 604.3571428571595 -843.3529411765048 472
491 2448.428571428638 -3456.638655462186 685 850 851
492 2710.8699633700307 -3648.9170437406283 788 852 853 854
493 604.3571428571595 -931.8529411765048 819
494 2186.2738095237873 -3487.964052287629 699 797 855
495 2708.3571428571595 -3026.638655462186
496 1662.7836134453537 -2548.779411764699 753 856
497 1659.6071428571595 -2825.102941176505 829
498 2714.8571428571595 -2836.71464330412 636 857 858
499 2717.3883928571595 -2884.634191176505 464 858 859 860
500 2194.730158730177 -4160.4561157797 861 862
501 1926.8793650793377 -3232.0418300654273 863
502 1661.8571428571595 -2784.045248868759 640 830
503 340.3571428571595 -17.352941176504828 757
504 1925.0793650794076 -2549.241830065381 746
505 2187.6349206349114 -4209.2196078432025 838
506 2454.7067003792617 -3780.8573659552494 805 864 865
507 2716.7728055077605 -3621.328844790929 853 866 867 868
508 1399.6336134454468 -2102.094117647037 690 869 870
509 1137.082949308795 -1907.5303605312947 649 871 872
510 349.52380952378735 -3412.5592903828947 847 873 874
511 614.3571428571595 -569.3529411765048 875
512 875.4497354497435 -2564.871459695045 539 786 876
513 359.60317460319493 -229.62278244632762 782 877
514 616.8045112781692 -375.1424148606602 878
515 1410.1071428571595 -1772.4803921568673 541 783 879 880
516 1648.3571428571595 -2402.352941176505 718 881
517 878.2571428571828 -2204.3196078431793 882
518 1405.4417582417373 -2349.429864253383 389 821 883 884
519 878.3571428571595 -71.35294117650483 885
520 614.3571428571595 -937.3529411765048
521 2174.4523809524253 -4284.638655462186 839
522 2176.3571428571595 -2512.53475935827 453
523 2960.8571428571595 -2982.852941176505
524 612.8571428571595 -720.8529411765048 552
525 2962.2321428571595 -3007.477941176505
526 1134.8571428571595 -3237.352941176505
527 349.3571428571595 -1558.8529411765048 834
528 2174.9821428571595 -4235.227941176505 837
529 1675.3128390597412 -2521.745346239768 341 856 886
530 886.979949874687 -757.7564499484142 298 841 887 888
531 364.79591836733744 -456.76110444182996 889 890 891
532 2195.1227678571595 -4048.868566176505 827
533 891.7635756056989 -1684.937736498192 245 892
534 1410.5353037767345 -1944.2724814063404 303 777 893 894
535 2462.2380952381063 -3243.797385621001 289 895 896
536 362.8571428571595 -372.2904411765048 653 890 897
537 2719.4787644788157 -3426.145733969286 832 898 899
538 102.02380952378735 -153.08627450978383 900 901
539 100.21008403366432 -167.0882352940971 745 900 902
540 1934.5592705167364 -4081.9699624531204 903
541 1149.0915178571595 -1665.4935661765048 311 799 904
542 2469.3683091102866 -3417.491898992914 600 836 905 906
543 360.05279503110796 -3209.5703324808273 711 907 908
544 1938.9159663865576 -2145.729411764769 845 909 910
545 2725.090787717025 -3584.479109400767 133 866 911
546 2983.7032967032865 -2773.506787330378 791
547 2455.8407494145213 -3520.9103182257386 688 851 912
548 2462.288515406195 -2516.882352941204 437 793 913
549 891.2008928571595 -384.59252450987697 587 914 915
550 2985.2442396313418 -2932.2991777356947 916 917 918
551 888.6894781865412 -3248.855935188476 919 920 921
552 1147.5196428571362 -2384.127941176528 669 922 923
553 2980.5764411027776 -2948.8090815274045 803 918 924
554 2468.51636073424 -2698.3361813999945 314 742 925
555 1406.625 -2461.9065126050264 667 764 926
556 622.2113095237873 -3023.4571078431327 672 684 921
557 1145.003484320594 -2303.645624103374 815 927 928
558 1668.7904761905083 -2374.0196078431327 380 881 929 930
559 2719.7321428571595 -2935.477941176505 470
560 359.9196428571595 -786.1029411765048 430 931 932
561 2199.9624060150236 -2700.578505086247 33 755 933 934
562 888.786490683211 -1055.5485933504533 935 936 937
563 623.8571428571595 -908.8529411765048 601
564 1407.2571428571828 -3290.1529411765514 938
565 2463.895604395657 -3226.102941176505 93 895 939
566 2196.7983193277614 -4185.70588235301 862
567 1948.2834586466197 -2232.8476780186174 687 692 940 941
568 360.3571428571595 -780.8529411765048 932
569 1684.9501661129761 -2193.395576835377 448 800 942 943
570 2728.2609890110325 -2928.208710407256 860 944 945
571 2729.500821018126 -3381.7207572684856 743 946 947
572 2204.9971428571735 -3421.5929411764955 796 948 949
573 1405.5238095237873 -2553.686274509877 668
574 620.3571428571595 -805.3529411765048
575 2211.339901477797 -2846.2219066937687 368 950 951
576 1404.3571428571595 -2420.352941176505 763
577 1942.5184331797063 -3981.9658444023225 952
578 1942.7865546218818 -4017.0 953
579 1941.3571428571595 -4119.710084033664 954
580 1941.3308270677226 -3181.931888544932 955
581 2998.454427925055 -2888.8506787330844 916 956 957
582 2732.4132176234853 -2971.530511269928 354 809 944 958
583 2727.6071428571595 -3390.4029411765514 898 947
584 2989.457142857136 -2951.1529411765514 924
585 2470.207142857136 -3751.6929411764722 864 959 960
586 368.3571428571595 -2876.852941176505 961
587 1153.2452025586972 -2287.815627743723 385 928 962 963
588 368.32884097041097 -744.1076581575908 550 964
589 1418.1238095238805 -2329.641830065404 884 965 966
590 372.67109634552617 -2695.7250341997715 65 967 968
591 1170.0594888982596 -3070.502501293784 605 969 970
592 1416.3571428571595 -2198.1977687627077 612 824 971 972
593 1416.1428571428405 -3194.4957983193453 766
594 1154.7542016806547 -2005.4264705883106 769 973 974
595 368.9269102989929 -562.1901504788548 144 975 976
596 897.0506912443088 -804.6110056926263 400 977 978
597 894.6904761905316 -789.2100840336643 402 887 978 979
598 370.870656370651 -3487.43402225757 980 981 982 983
599 1420.3571428571595 -2070.366830065381 869 984 985
600 366.8571428571595 -3469.2100840336643 874 982 986
601 1160.5137693631696 -1870.74450744153 772 871 987 988
602 636.2100840336643 -566.8823529412039 875 989 990
603 892.8571428571595 -2679.852941176505 991
604 634.1428571428405 -518.5672268908238 990
605 632.2571428571828 -386.55294117645826 878
606 891.8976833977504 -2444.1502384737832 54 802 992
607 365.3571428571595 -3176.1160990712233 908 993 994
608 1160.3956043956568 -2445.660633484251 185 806 995 996
609 1427.3981876332546 -2513.0730904302327 665 997 998
610 1157.1975683891214 -2365.076345431851 761 922 999 1000
611 891.3186813186621 -1161.4298642533831 936
612 889.7771428572014 -2168.1529411765514 1001
613 1413.4025974025717 -3270.03475935827 278 938 1002
614 629.3571428571595 -342.3529411765048 1003
615 2191.3571428571595 -4131.102941176505 828
616 1413.8571428571595 -2430.852941176505
617 1149.0 -2970.638655462186 1004
618 1669.1071428571595 -2782.102941176505
619 1670.3571428571595 -2777.852941176505
620 1956.7422003283864 -3988.3069641650654 952 953 1005
621 1424.4453781512566 -1632.803921568673
622 382.5371428572107 -76.11294117651414 758 1006 1007
623 903.4489795918344 -2306.9039615846705 1008
624 639.8571428571595 -2157.352941176505 559
625 1952.428571428638 -3130.4386554622324 1009
626 2494.095238095266 -3463.890084033599 850 905 1010 1011
627 1703.0872798435157 -2024.1228041901486 447 1012 1013
628 1168.7176079734927 -2346.3296853625216 814 999 1014 1015
629 1433.9781954886857 -2474.4687306501437 926 997 1016
630 2215.54341736692 -3389.215686274576 849 1017 1018
631 376.33630952378735 -2828.061274509877 961 1019 1020
632 646.020779220853 -999.7711229947163 548 818 1021
633 1169.9111969112419 -2260.0556438792264 545 963 1022 1023 1024
634 2211.8571428571595 -3463.352941176505 949
635 1165.5 -3188.2457983193453 765 1025 1026
636 1430.1071428571595 -2311.03475935827 966 1027 1028
637 1166.1233299075393 -2126.842149809585 823 1029 1030
638 2479.075324675301 -3724.0620320856106 960 1031 1032
639 1955.4756995581556 -2486.0952092177467 674 747 1033 1034
640 1690.3424369747518 -2347.4558823530097 614 929 1035 1036
641 1424.2165178571595 -3157.274816176505 1037 1038 1039
642 1426.0714285714785 -3131.6243697479367 1037 1040 1041
643 904.1821428571129 -839.3779411765281 395 977 1042
644 120.31168831174728 -343.762032085564 1043
645 1690.705627705669 -2494.0650623886613 342 886 1044
646 378.52955665031914 -1361.9736308316933 650 1045 1046 1047
647 114.02040816331282 -207.332533013192 651 902 1048 1049
648 1954.7233400403056 -2739.5994200496934 367 529 1050
649 2479.4965986395255 -3035.257703081239 270 1051 1052 1053
650 1686.0238095237873 -2599.686274509877 1054
651 1430.501587301609 -1912.5973856209312 501 893 1055 1056
652 2477.3834586465964 -3059.0546955624595 273 1053 1057
653 377.7645502645755 -1294.797385621001 240 712 1046 1058
654 2476.60026212316 -3094.0777118187398 168 1057 1059 1060
655 2476.3480519481236 -3137.2893048129044 77 1060 1061 1062
656 2472.2571428571828 -3185.792941176449 85 1063 1064
657 2471.3404761904385 -3203.602941176505 939 1063 1065
658 639.3571428571595 -310.3529411765048 1066
659 1950.3571428571595 -3995.852941176505
660 3005.1550151975825 -2850.9167709636968 792 956 1067
661 1958.1777535441797 -2325.7269869780866 691 752 1068 1069
662 1700.9548872180749 -2645.2551968155894 575 1070 1071
663 376.3571428571595 -809.3529411765048 931
664 2486.9821428571595 -2667.4243697479833 521 925 1072
665 375.8571428571595 -1430.3529411765048 1045
666 2478.900621118024 -3160.352941176505 1061 1064 1073
667 1421.6071428571595 -2411.102941176505 676
668 2740.3571428571595 -2963.352941176505 958
669 2216.8571428571595 -2837.352941176505 951
670 2745.5 -3130.4600840336643 730 1074 1075
671 372.8571428571595 -2883.852941176505
672 2218.7032967032865 -2514.891402715002 1076
673 2485.8901098901406 -3693.1331609566696 1031 1077 1078
674 1965.553571428638 -2580.8975840336643 1079 1080
675 2487.5777310924605 -2987.75 381 1051 1081
676 2221.8571428571595 -4209.467226890847 1082
677 3012.5508365508867 -2820.3709591944935 1067 1083 1084
678 2226.807142857113 -2821.782941176556 617 1085 1086
679 2749.5238095237873 -3100.2862745098537 723 1074 1087
680 1697.0238095237873 -2563.686274509877
681 912.3727678571595 -541.7123161765048 781 915 1088
682 394.61576354678255 -220.10294117650483 877 1089 1090 1091
683 1173.7402597402688 -1627.6516424751608 904 1092
684 911.6263736264082 -2412.750377073884 441 992 1093
685 385.8571428571595 -109.5347593582701 1006
686 386.96162046911195 -3036.7260755049065 63 994
687 388.25714285718277 -21.552941176458262 1007
688 650.1719576719915 -47.01960784313269 1094
689 1442.2741312742 -2442.352941176505 1016 1095 1096
690 917.6997354497435 -1056.2881263616728 115 935 1097
691 1438.839285714319 -2296.3350840336643 677 1027 1098
692 1430.662020905991 -3223.5480631276732 767 1002 1099
693 1436.5978835979477 -2166.964052287629 689 971 1100 1101
694 912.3571428571595 -868.8529411765048 1042
695 1173.3477088948712 -1973.5416204218054 648 973 1102 1103
696 388.21098901098594 -486.9990950226784 889 976 1104
697 1172.3515248795738 -2923.0495703900233 771 1004 1105 1106
698 387.0571428571129 -1450.9529411764815 1107
699 1178.0689075629925 -1846.8117647059262 988 1108 1109
700 647.9605911329854 -461.28397565928753 20 1110 1111
701 904.1904761905316 -2655.477941176505 991 1112 1113
702 647.3571428571595 -484.3529411765048 1111
703 120.85714285715949 -291.8529411765048 1049
704 1429.3571428571595 -2390.352941176505
705 1947.8571428571595 -2245.852941176505 940 1114
706 1166.3571428571595 -2254.352941176505 1023
707 2997.3571428571595 -2848.852941176505
708 379.3571428571595 -1237.8529411765048 1058
709 1446.9024258760037 -2025.6133185350336 701 776 985 1115 1116
710 659.6873315364355 -567.6170921198791 989 1117 1118
711 2230.4025974025717 -2602.595365418936 611 934 1119
712 1190.8077601410914 -1821.4640522876289 537 1109 1120 1121
713 136.24423963134177 -201.1271347248694 1048 1122 1123
714 1179.6349206349114 -2780.797385621001 1105
715 2755.6780383795267 -3959.0992098331917 1124
716 916.5057915057987 -2594.596184419701 1113 1125 1126
717 396.3571428571595 -297.0953654189361 239 656 897 1091
718 2757.660881174961 -3049.923034634441 812 1127 1128 1129
719 657.0571428571129 -417.95294117648154 1130
720 1711.9409751924686 -2462.6164142304333 370 717 1044 1131
721 2753.6806722689653 -3073.2941176471068 813 1087 1127
722 2491.5315614618594 -3964.1126310989494 816 1132
723 2752.7763347763103 -4157.100415923982 488
724 2490.8571428571595 -4041.852941176505 1132
725 1180.1071428571595 -2515.3862745098304 807 1133 1134
726 2756.942857142887 -3220.095798319322 578 1135 1136
727 1183.237577639753 -2408.700767263421 923 996 1137 1138
728 1180.9422492401209 -2325.693366708467 927 1014 1139 1140
729 1179.2946428571595 -2245.821691176505 1024 1141 1142
730 920.83586626139 -67.75719649565872 885 1143 1144
731 1966.2946428571595 -3078.727941176505 121
732 1971.8933747411938 -4085.621057118522 903 1145 1146
733 1720.2378246753942 -2000.398395721917 840 1013 1147
734 393.2238095238572 -3720.7696078431327 231
735 398.2281105990987 -714.4335863378365 964 1148 1149
736 2780.4375624376116 -3596.8214726450387 911 1150
737 3014.8571428571595 -2772.102941176505 1083
738 2224.282142857206 -3334.2779411765514 848 1018 1151
739 399.089285714319 -698.1565126050264 679 1148 1152
740 1967.697142857127 -4196.032941176556 1153
741 2230.5714285714785 -3415.6100840336876 948 1154 1155
742 395.5371428572107 -1548.892941176542 833 1156 1157 1158
743 1712.5206043956568 -2148.766402715002 309 943 1159
744 394.3937282230472 -1560.1090387374861 1157 1160
745 2763.4599797365954 -3012.2962035879027 810 1129 1161
746 2498.784415584407 -3666.0802139037987 1077 1162 1163
747 2764.675324675394 -3911.8586229947396 1124 1164
748 3021.7645502645755 -3114.6122004357167
749 1981.3305728088599 -2190.715260017081 910 941 1165 1166
750 1438.8571428571595 -3157.352941176505 1039
751 1712.9757869249443 -2317.64107676968 703 1036 1167 1168
752 128.8571428571595 -96.35294117650483 1169
753 2768.2201058201026 -3180.1307189542567 728 1135 1170 1171
754 2240.2722371967975 -3393.107658157591 1017 1154 1172
755 2509.1515151514905 -2636.35727018083 633 1072 1173
756 1979.2148664343404 -2702.6293639406795 356 1050 1174
757 1719.6207792208297 -2622.0529411764583 1054 1070 1175 1176
758 1455.3509700176073 -2270.340595497517 825 1098 1177 1178
759 406.8831168831093 -2658.4828113063704 157 967 1179
760 1197.480258435011 -2095.845403488027 770 1030 1180 1181
761 1200.9029649596196 -3037.6359600444557 584 970 1182
762 1454.5648351648124 -2137.3683257919038 870 1101 1183 1184
763 1447.1316526611336 -3132.9803921568673 1040 1185 1186 1187
764 1193.0295566503191 -1943.8529411765048 872 1103 1188 1189
765 664.3571428571595 -623.3529411765048 1118
766 1450.7662337662186 -1881.273395721917 661 1056 1190 1191
767 146.51428571424913 -150.89579831936862 901 1123 1192
768 929.082494969829 -3444.9163214581786 1193 1194 1195
769 922.1010452961782 -3394.243185078958 919 1193 1196
770 924.1904761905316 -2276.165441176505 1197
771 1192.8315018315334 -2306.3016591252526 962 1139 1198 1199
772 1462.7015232605627 -2398.914900830714 49 1095 1200
773 1445.6290726817679 -3376.7213622290874 279
774 1189.195604395587 -2226.3990950227017 644 1142 1201 1202
775 1449.057142857113 -2265.9529411764815 1177
776 1444.6218487395672 -3157.6764705883106 1186 1203
777 1445.4571428571362 -2373.752941176528 883
778 1443.3571428571595 -3189.352941176505 1203
779 2508.3047619047575 -4143.1148459383985 1204
780 150.8571428571595 -510.3529411765048 1205
781 415.19676549872383 -609.5604883462656 682 1152 1206
782 676.8571428571595 -761.7418300653808 1207
783 1982.639751552837 -3028.092071611318 506
784 2252.9781105990987 -4169.812618595897 861 1208 1209
785 410.09243697475176 -3568.1764705883106 209 980 1210
786 417.17195767199155 -571.8159041394247 975 1206 1211
787 2244.6904761905316 -4213.626750700292 1082 1208 1212
788 676.6696428571595 -661.2904411765048 1213
789 2777.813664596295 -3527.7051150895422 739 1150 1214 1215
790 408.3571428571595 -1458.9298642533831 1107 1156 1216
791 1991.7911051212577 -4201.466148723732 1153 1217 1218
792 1991.7571428571828 -2284.346274509793 219 1069 1114 1219
793 673.6719576719915 -460.797385621001 1110 1220 1221
794 2245.780219780281 -3477.102941176505 855 1155 1222
795 933.5616883117473 -3568.239304812858 1195
796 2248.7321428571595 -3512.165441176505 643 744 1222
797 930.6018237082753 -2542.5657071339665 876 1126 1223
798 673.9703504043864 -3347.032186459517 1224
799 2768.4935064935125 -3863.4438502674457
800 3038.6702269692905 -3033.007146783988 708
801 1201.0486322188517 -2520.204005006235 66 1133 1225
802 2246.8387942332774 -2790.389638424269 756 1086 1226 1227
803 2769.0793650794076 -4093.5852644088445 484
804 1195.5109890110325 -2387.929864253383 1000 1137 1228
805 939.1352885524975 -2246.3330736268545 882 1229 1230
806 1725.017142857192 -2887.992941176519 1231
807 406.8571428571595 -3372.352941176505
808 2515.7350054525305 -3637.2995060619432 1162 1232 1233
809 1191.9747899159556 -3268.7058823530097 1234
810 405.8571428571595 -3396.352941176505
811 2776.948809523834 -3143.936274509877 1075 1171 1235 1236
812 669.3571428571595 -815.8529411765048 1237
813 1993.799671592773 -4000.8701825558674 1005 1146 1238
814 2539.2558065542253 -3524.5600681252545 136 139 912 1011 1239
815 2249.2946428571595 -3540.602941176505
816 2005.9540957657155 -2441.8626364673255 751 1033 1240 1241
817 2777.69167523121 -3865.8853152772645 1164 1242
818 405.8571428571595 -2867.352941176505
819 1452.5714285714785 -3078.567226890824 1185
820 406.0571428571129 -1423.9529411764815 1243
821 2255.1229656420182 -3572.6693968727486 307
822 2780.303088803077 -3056.2042925278656 1128 1244 1245
823 2257.4152823920595 -4144.91883264936 272 1209
824 1987.2571428571828 -4033.1529411765514
825 2780.7480519480305 -3334.243850267376 496 1246 1247
826 2255.5238095237873 -3337.7254901961423 1151 1172 1248
827 2778.8289738430176 -3115.6346313173417 1236 1244 1249
828 1735.3634719711263 -2287.947877885308 801 1168 1250 1251
829 1202.3988095237873 -2420.102941176505 1138 1252 1253
830 1207.5608465608675 -2368.575163398753 1015 1228 1254
831 1204.014005602221 -3336.1372549020452 100
832 1204.1980519481003 -2288.125668449211 1022 1198 1255 1256
833 1211.2417582417838 -3237.0623428858817 1025 1234 1257 1258
834 1201.6383928571595 -2208.134191176505 1201 1259 1260
835 1210.271428571432 -2193.2815126050264 822 1259 1261 1262
836 419.1071428571595 -716.2279411765048 1149 1263 1264
837 414.52380952378735 -3585.9286987523083 1210 1265 1266
838 2238.542857142864 -4252.810084033641 1212
839 419.6714285714552 -505.6957983194152 19 1104 1211
840 945.3976833977504 -751.758346581948 888 1267 1268
841 942.438961038948 -720.9529411764815 843 1268 1269
842 1467.6904761905316 -1994.8362745097838 1115 1270 1271
843 1472.8714285714086 -1984.867226890754 894 1271 1272
844 679.465838509379 -542.3312020460144 1117 1273 1274
845 677.3214285714785 -491.8529411765048 1220 1275 1276
846 1469.3798701298656 -1851.148395721917 784 1190 1277 1278
847 156.69047619053163 -91.35294117650483 1169 1192 1279
848 686.3520923521137 -338.2216280451976 1003 1280 1281 1282
849 682.8801313629374 -310.14604462473653 1066 1280 1283 1284
850 416.76623376621865 -153.85294117650483 1089 1285
851 939.1864111497998 -2376.3651362984674 1093 1286
852 681.3571428571595 -236.35294117650483 1284
853 2762.1904761905316 -3022.0196078431327
854 418.1071428571595 -789.8529411765048 1263
855 677.285714285681 -523.7815126050264 1273 1275
856 1717.7460317460354 -2533.9084967320086 1287
857 414.3571428571595 -2837.102941176505 1020
858 154.8571428571595 -524.3529411765048 1288
859 1717.9682539682835 -2662.4084967320086 1071
860 1462.3571428571595 -3170.352941176505
861 677.3571428571595 -724.8529411765048 1289
862 1461.8571428571595 -3163.852941176505
863 1718.3571428571595 -2153.352941176505
864 1210.5918367346749 -2694.393757503014 1290
865 2257.938223938225 -3300.812400635914 287 502 1248
866 690.5363881401718 -370.5038845727686 1282 1291
867 2004.4935064935125 -2166.57263814623 1165 1292 1293
868 165.79831932776142 -10.0 1279
869 952.7272727272939 -3434.4957983193453 1194 1196 1294
870 1738.1827242524596 -2111.097127223038 442 1159 1295
871 949.1904761905316 -3428.0196078431327
872 428.1238095238805 -1157.686274509877 1296
873 1474.679060665425 -1670.1337630943162 879
874 2527.5494505494135 -2606.1361579596996 794 1173 1297
875 2529.225563909742 -3612.3617131062783 1232 1298 1299
876 2789.9433497537393 -3817.6201825558674 629 1242 1300
877 2261.0 -2537.9600840336643 1076 1119 1301
878 2004.5079365079291 -2530.2100840336643 1034 1302 1303
879 1996.7830687831156 -2543.760348583921 1080 1303 1304
880 1215.6466165413149 -2268.64241486066 1141 1255 1305
881 1737.9922779923072 -2427.8394276630133 930 1131 1306
882 2266.969387755147 -2758.546818727511 933 1226 1307 1308
883 1483.197142857127 -2372.8829411765328 965 1200 1309
884 953.8815331010846 -63.621233859448694 1144 1310 1311
885 167.31868131866213 -527.1606334842509 1288 1312
886 950.8336134454003 -2952.0823529411573 114 826 1313
887 1477.2879120879807 -2237.783710407326 972 1178 1314
888 1740.1071428571595 -2594.1743697479833 1175 1315 1316
889 1214.9480519481003 -2073.2455031599384 1181 1317 1318
890 2527.3034947884735 -4065.413027013419 486 1319 1320
891 424.50420168065466 -1655.2941176471068 1321
892 2521.5109890110325 -4047.852941176505 1319 1322
893 2526.745202558697 -4088.173836698872 736 1320 1323
894 2786.4867724868236 -3296.53071895428 1247 1324 1325
895 2533.983972125454 -4138.5968436155235 1204 1323 1326
896 1476.8248847926734 -2107.0303605312947 984 1183 1327 1328
897 951.8293650794076 -782.186274509877 979 1267 1329
898 1214.3226600985508 -1912.9736308316933 987 1188 1330 1331
899 1998.0336134453537 -2976.411764705903 592
900 1214.8659924146486 -1784.33524206141 713 1120 1332 1333
901 2785.0158730158582 -3495.757703081239 831 1215 1334
902 955.4404761905316 -588.373774509877 1088 1335 1336
903 2003.0109890110325 -4129.1221719457535 954 1217 1337
904 422.26623376621865 -3608.53475935827 1265
905 2529.5238095237873 -4295.093681917293 1338
906 2265.3415178571595 -4170.712316176505 80
907 1742.1868131868541 -3010.8144796380075 120 1339 1340
908 422.3571428571595 -3215.852941176505 907
909 686.3904761904851 -916.8529411765048 1341
910 1743.2645502645755 -2507.3159041394247 1342
911 1469.3571428571595 -3171.352941176505
912 2796.9985569985583 -3254.8680926916422 577 1324 1343
913 2794.2571428571828 -3387.243850267376 946 1344 1345
914 420.8571428571595 -3404.352941176505 873
915 2789.8571428571595 -3520.852941176505 1214
916 1206.8571428571595 -3146.852941176505 1026
917 418.8571428571595 -3188.352941176505 993
918 2269.928571428638 -3231.638655462186 198
919 2797.3293650794076 -3788.811274509877 698 1300 1346
920 1748.2843273231992 -2961.8286693318514 195 1340 1347
921 2283.471549636801 -2363.1580259222537 212 622
922 435.3571428571595 -3456.852941176505 986
923 174.34199134202208 -262.38324420677964 1348 1349 1350
924 1486.8730158730177 -1965.971988795558 1272 1351 1352
925 962.9571428571362 -649.1196078432258 778 1353 1354
926 1488.8699633700307 -1818.4298642533831 880 1278 1355 1356
927 697.0879120879108 -1287.3529411765048 726
928 437.3571428571595 -138.85294117650483 1357
929 1226.9366883117473 -2488.1824866310926 445 995 1225 1358
930 1221.6263736264082 -2432.199095022632 1252 1359 1360
931 960.0671428571222 -2212.1929411764722 83 383 1001 1229
932 1219.8030888030771 -2350.5151033386355 1140 1199 1254 1361
933 706.1611076148693 -989.101839854964 937 1021 1341 1362
934 1492.969102144707 -2357.4598114055116 1028 1309 1363
935 431.9914712153841 -2727.5320456541376 968 1019 1364
936 698.1512605042662 -805.470588235301 1365
937 699.4126984126633 -813.8529411765048 1237 1365 1366
938 1231.3142857142957 -2047.0529411764583 974 1317 1367 1368
939 1480.2321428571595 -3133.936274509877 1187 1369 1370
940 433.0571428571129 -3480.9529411764815 983
941 1478.8571428571595 -3051.352941176505 1041
942 430.2285714285681 -1414.6957983194152 1047 1243 1371
943 957.7802197802812 -617.7760180996265 706 1336 1354
944 1731.657142857206 -2476.9529411764815
945 433.8571428571595 -153.35294117650483 1285
946 955.3571428571595 -828.3529411765048
947 1734.8571428571595 -3066.352941176505 1339
948 430.8571428571595 -121.85294117650483 1372
949 2781.8571428571595 -3815.852941176505
950 1476.428571428638 -3193.638655462186 1369
951 2783.8571428571595 -3147.852941176505 1235
952 2520.8571428571595 -4052.852941176505 1322
953 2817.0282658517826 -2965.192513369024 321 1373 1374
954 1759.1185064935125 -2400.6824866310926 1035 1306 1375
955 2541.3512605042197 -3885.317647058866 466 567 1376
956 2015.2038095238386 -2655.6729411764536 1174 1377 1378
957 1485.697142857127 -3095.492941176519 1370 1379 1380
958 179.80836236930918 -345.1212338594487 18 1043 1350
959 1758.8131868131459 -2568.858435682021 1287 1316 1381 1382
960 1234.4668989547063 -1883.6212338594487 8 1108 1330
961 2282.2182539682835 -2859.3807189542567 1085 1383 1384
962 180.97142857150175 -224.72436974791344 1122 1348 1385
963 2540.1488095237873 -4062.561274509877
964 970.0494505494135 -680.6990950226318 844 1353 1386
965 1492.5714285714785 -1953.4164332400542 1055 1352 1387
966 1235.425770308124 -1751.029411764699 798 1332 1388 1389
967 2799.941888619913 -3367.844466600218 498 1344 1390
968 2544.4247104247333 -3217.6772655008826 579 1065 1391 1392
969 2806.125 -3341.0850840336643 1246 1390 1393
970 2803.2321428571595 -3390.915441176505 1345
971 966.9418886199128 -2483.06480558333 1223 1394 1395
972 2537.7904761905083 -3259.0696078431793 896 1391 1396
973 2026.9163533834508 -4008.395704334369 92 1238 1397 1398
974 2798.6658385093324 -3445.4138107417384 899 1334 1399
975 2804.3571428571595 -3458.0196078431327
976 1755.8201058200793 -2904.562817719765 1231 1347 1400
977 967.0389610389248 -3398.0802139037987 1294
978 2801.926910298993 -3523.701778385788
979 971.0602678571595 -372.1029411765048 914 1143 1401 1402
980 2545.1904761905316 -3388.865761689376 835 1403 1404
981 1500.2738095237873 -2564.927502579987 70 666 998 1405
982 2803.3571428571595 -3639.0196078431327 867
983 2803.2571428571828 -3669.002941176528 852
984 987.0553135888185 -3227.958124103374 97 920
985 2021.2065404475434 -2249.7866761162877 1166 1219
986 2547.280219780281 -2574.4023917259183 913 1297 1406
987 2803.3571428571595 -3698.0196078431327 787
988 2536.347527472535 -3583.6510180996265 1239 1299 1407
989 2803.285714285681 -3728.257703081239 750
990 2803.707889125799 -3760.7410008780425 694 1346 1408
991 1228.9253246753942 -2249.966577540152 1202 1305 1409 1410
992 2802.2207792208064 -2799.4438502674457 635
993 2804.1242661448196 -2838.0515713135246 790 857 1411
994 1761.5833333333721 -2249.8291316527175 1 942 1251
995 183.43822393822484 -594.1367249602918 1312 1412 1413
996 2804.6700083542382 -2879.0839353285264 859 957 1411 1414
997 1227.1027568922145 -2167.0020639834693 1029 1262 1415 1416
998 2806.8642350557493 -2922.111806424684 917 945 1373 1414
999 445.0753246753011 -1657.007486631046 560 1321 1417
1000 2546.9707792208064 -3857.4438502674457 528 715 1376 1418
1001 2284.2811428571586 -2729.0889411765384 235 1308 1419
1002 2278.3571428571595 -4041.352941176505
1003 2023.7709359605797 -4092.680527383345 106 1145 1420
1004 2023.767590618343 -2507.8753292361507 14 1302 1421
1005 2023.6316526611336 -4213.156862745178 1218 1422
1006 178.8571428571595 -488.3529411765048
1007 703.0571428571129 -689.9529411764815 1423
1008 2550.21269841271 -2976.099607843207 330 1081 1424
1009 2805.657142857206 -3414.1529411765514 1399
1010 2286.4603174603544 -2687.3450046685757 27 1419 1425
1011 1485.8571428571595 -3080.852941176505 1379
1012 436.8571428571595 -3467.852941176505 981
1013 2805.8571428571595 -3745.352941176505 1408
1014 2028.0839469808852 -2630.5385081868153 1079 1377 1426
1015 2810.8318264014088 -3325.6314221891807 820 1393 1427
1016 2552.698809523834 -3350.8446078432025 361 632 1403 1428
1017 175.8571428571595 -463.3529411765048 1429
1018 960.3571428571595 -2615.352941176505 1112
1019 2814.1180124223465 -3301.150042625726 1325 1427 1430
1020 2552.5306122449692 -3172.9447779111797 580 1073 1431 1432
1021 2549.2983193277614 -3195.323529411806 581 1392 1432
1022 2026.8775510204723 -2440.3733493398177 1241
1023 1222.8571428571595 -2078.852941176505 1318
1024 2553.3796653796453 -3827.1277159512974 609 804 1418 1433
1025 1484.8571428571595 -1824.8529411765048 1356
1026 1772.4545454545878 -2057.1018589254236 846 1012 1295 1434
1027 2297.0470869912533 -2480.716069668182 153 306 1301 1435 1436
1028 2558.1137800252764 -2935.729047371191 376 1424 1437
1029 1240.9935064935125 -2232.602941176505 1260 1410 1438 1439
1030 716.1071428571595 -884.8807189542567 1366 1440 1441
1031 1239.6729323308682 -2149.958204334369 1416 1442 1443
1032 1246.2623152709566 -2134.102941176505 1180 1443 1444 1445
1033 1498.6740442656446 -2205.212096106028 1100 1314 1446
1034 716.4887218045769 -753.7213622290874 1207 1447 1448
1035 450.3321428571362 -1575.627941176528 1160 1449 1450
1036 1501.2306368331192 -2068.6300496102776 222 1116 1328 1451
1037 978.4649859943893 -714.1372549020452 1269 1386 1452
1038 715.3571428571595 -522.3529411765048
1039 455.7830687831156 -138.46405228762887 1357 1453 1454
1040 1239.0189075630624 -1518.6029411765048 1092
1041 453.2935064935591 -1079.3893048128812 732 1455 1456
1042 1249.9138804457616 -2449.8635794743896 332 1358 1359 1457 1458
1043 1236.2994505494135 -2366.3721719457535 1253 1361 1459 1460
1044 711.3571428571595 -309.3529411765048 1283
1045 971.8571428571595 -2599.852941176505 1125
1046 2011.3571428571595 -2172.852941176505 1293
1047 1749.2571428571828 -3013.5529411764583
1048 2275.3571428571595 -3197.852941176505 94
1049 2027.1096681096824 -3978.4943553179037 1397
1050 2559.423514538561 -3306.202498698607 497 504 1428 1461
1051 2028.8935064935358 -4049.843850267469 91 1398 1420
1052 1246.3571428571595 -2305.852941176505 1462
1053 2561.1380417335313 -3437.499008592218 297 906 1463 1464
1054 983.5042016806547 -59.4117647059029 1311
1055 1516.7862767154584 -2313.098348000669 32 449 1363
1056 2556.875 -3481.567226890824 124 1010 1463
1057 2561.177795031108 -2556.252397698234 112 624 1406
1058 1510.6546112116193 -3238.7516753537348 1099 1465 1466
1059 722.5714285714785 -788.1386554621859 1447
1060 1246.9385382060427 -2021.957592339255 1102 1367 1467
1061 460.55984555988107 -1533.1367249602918 558 1449 1468
1062 982.9238095238106 -811.0862745097838 1329 1469
1063 2038.1814671815373 -2429.9385267620673 1470
1064 2298.3990783410845 -2639.236812144285 228 1425 1471
1065 2558.9433497537393 -3798.8788032454904 608 865 1433 1472
1066 983.6231003039284 -1679.4593241552357 780 892 1473
1067 198.3571428571595 -269.1029411765048 1349
1068 722.3571428571595 -521.3529411765048 1474
1069 1506.5754527163226 -1933.5360397680197 211 1387 1475
1070 1512.1705756930169 -1923.382791922777 1191 1475 1476
1071 2835.149396378314 -3010.874067937024 23 1161 1374 1477
1072 2817.8166023165686 -3119.190779014374 46 1249 1478
1073 2820.285714285681 -3111.7815126050264 1478
1074 1782.6524644945748 -2537.902648778865 461 473 1342 1381 1479 1480
1075 1249.6502463053912 -2658.2150101420702 68 1134 1290
1076 983.6591230551712 -2458.570762958727 1394 1481 1482
1077 2043.078264969401 -3780.042710153386 536 1483 1484
1078 983.657142857206 -453.05294117645826 1485
1079 985.0 -432.9243697479833 1402
1080 2823.7490347489947 -3259.4160042395815 1343 1430 1486
1081 2029.577572964714 -3828.234661606606 1483
1082 2557.6929637526628 -3142.7708516243147 1062 1431 1487
1083 2299.7368421052815 -3991.037151702796 266 583 1488
1084 456.42077922075987 -1098.5529411764583 1455 1489 1490
1085 456.71679197996855 -1054.317853457178 338 760 1456
1086 981.1904761905316 -2178.352941176505
1087 454.8154761905316 -1588.7279411765048 1417 1450 1491
1088 982.3571428571595 -1716.3529411765048 1473
1089 719.1666666666279 -374.09103641461115 1281 1291 1492
1090 2564.886845827452 -3770.917297612177 628 959 1472 1493
1091 2040.3081232493278 -2618.8431372549385 34 1426 1494
1092 2301.6371428571874 -2829.072941176477 237 1227 1383 1495
1093 2562.80519480526 -3125.1191749427235 729 1487 1496
1094 1774.3571428571595 -1880.3529411765048 1147
1095 2825.457142857136 -3087.2862745098537 1497 1498
1096 2560.3571428571595 -2977.352941176505
1097 2565.8883928571595 -3265.665441176505 532 1396 1461 1499
1098 2299.3571428571595 -2490.852941176505 1435
1099 2568.861490683281 -2888.583375959075 365 568 1437 1500
1100 2828.929606625228 -3064.8167092924705 1245 1477 1497
1101 2566.6419529836858 -3101.365599404322 1059 1496 1501
1102 452.3571428571595 -3066.852941176505 1502
1103 2568.2913533834508 -3395.708204334369 295 1404 1464
1104 2824.3571428571595 -2974.352941176505
1105 2824.3571428571595 -3232.852941176505 1136
1106 1783.5454545455286 -2369.300993124605 1167 1375 1503
1107 1238.5238095237873 -2307.686274509877 1256
1108 3092.7645502645755 -2836.056644880213 1084
1109 2046.3857142857742 -2471.9100840336177 318 1240 1421
1110 2826.5238095237873 -3001.0196078431327
1111 2039.3571428571595 -3793.352941176505
1112 2564.8571428571595 -3271.852941176505 1499
1113 2303.3571428571595 -3166.852941176505 86
1114 993.6626984126633 -504.3251633987529 173 1485 1504
1115 992.3571428571595 -2498.352941176505 1395
1116 473.1020408163313 -1142.7815126050264 1296 1489 1505
1117 1764.6263736264082 -2646.929864253383 1176
1118 466.3116883117473 -101.30748663109262 1454 1506
1119 467.4093816630775 -3062.188762072008 1502 1507 1508 1509
1120 997.5863095237873 -367.4154411765048 1310 1401 1510
1121 469.1071428571595 -30.852941176504828 1511
1122 1252.7816711590858 -2381.2586015538545 1360 1459 1512 1513
1123 733.2971428571036 -981.8062745098723 116 1362 1441
1124 1253.657142857206 -2212.4418300654506 1261 1438 1514 1515
1125 1516.2571428571828 -2177.7196078432025 1184 1446 1516
1126 205.8571428571595 -474.3529411765048
1127 1256.4324853229336 -2009.558420628542 406 1467 1517
1128 735.657142857206 -654.4815126050962 556 1213 1518 1519
1129 469.89417989423964 -1496.7418300653808 162 1158 1468 1520
1130 468.3571428571595 -1465.2338935574517 1216 1371 1520
1131 1256.0071428571828 -1869.4029411765514 1521
1132 733.7188449847745 -539.608260325389 509 1274 1522 1523
1133 734.874384236522 -522.1115618661279 511 1474 1523 1524
1134 733.0522648083279 -490.8041606886545 1276 1524 1525
1135 732.532142857206 -457.4154411765048 419 1221 1525 1526
1136 729.7556935817702 -426.67178175621666 420 1130 1526 1527
1137 1254.37888198765 -1723.034100596793 36 316 1388
1138 729.2689075630624 -410.6274509804789 422 1492 1527
1139 1252.3571428571595 -2343.352941176505 1460
1140 466.0 -84.82913165271748 1372 1506 1511
1141 2029.1298701298656 -2867.3074866310926 277
1142 1249.0389610389248 -3195.716577540152 1528
1143 2028.5494505494135 -2707.583710407256 1529
1144 2289.3571428571595 -3991.852941176505
1145 1249.5238095237873 -2290.686274509877
1146 2554.3571428571595 -2545.352941176505
1147 2049.5780730897095 -4288.841313269571 1422
1148 2317.444980695029 -2448.99483306834 213 439 543 1436
1149 1527.751587301609 -1897.9640522876289 190 1277 1476 1530
1150 1001.225563909742 -584.3424148607301 1335 1504 1531
1151 2577.083333333372 -3713.7696078431327 696 1078 1532 1533
1152 1531.1824440619675 -1844.6902905741008 197 1355 1534
1153 2570.624584717676 -3742.7715458276216 697 1032 1493 1532
1154 2577.729691876797 -2845.058823529398 457 517 1500
1155 1006.8530612244504 -2420.6590636254987 243 427 1286 1481 1535
1156 997.8571428571595 -2412.826625387068
1157 2055.773109243717 -2596.2184873949736 172 1304 1494 1536
1158 2310.428571428638 -2817.067226890824 1495
1159 2047.4867724868236 -2678.7233115468407 1378 1529
1160 999.785714285681 -3264.1307189542567
1161 2841.596868884517 -3195.9008863819763 1170 1537 1538
1162 2832.545314900228 -3231.1486401011935 627 1486 1538
1163 2571.7432188065723 -3084.352941176505 724 1501 1539
1164 1002.7802197802812 -1194.8144796380075 103
1165 1263.8571428571595 -2317.186274509877 256 1462 1540
1166 2045.3116883117473 -2814.898395721917 493
1167 214.7321428571595 -691.3529411765048 1413
1168 1260.0060790274292 -3210.586983729736 1257 1528
1169 1265.4047619047342 -2193.876750700292 1415 1514 1541 1542
1170 741.5150375940138 -873.0897832817864 394 399 1440
1171 1265.215633423184 -3172.183129855781 969 1038 1543
1172 474.8701298701344 -2691.937356760958 1179 1364 1544
1173 1262.4991181658115 -2099.8467683369527 1444 1545 1546
1174 1792.2548701298656 -2916.8074866310926 594 1400 1547
1175 1526.647465437767 -3208.546489563654 1466 1548 1549
1176 477.72077922080643 -1589.8074866310926 1491 1550 1551
1177 741.8928571428405 -719.721988795558 226 1289 1448 1552
1178 2050.1940993788885 -4135.581202046014 108 1337 1553
1179 1272.4382239382248 -1984.168256491772 555 1189 1517 1554
1180 738.2738095237873 -686.5751633987529 775 1423 1519 1552
1181 998.4025974025717 -1830.3529411765048 1555
1182 1267.91231527098 -2958.0425963489106 586 1106 1182
1183 1524.057142857113 -3100.252941176528 1380
1184 999.0654761905316 -1788.5196078431327 4
1185 735.7022132796701 -620.7332228666637 1518 1556
1186 734.9571428571362 -587.0529411764583 740 1522 1556
1187 1524.4571428571362 -2030.6640522875823 200 1270 1451 1557
1188 1261.5483193277614 -1857.6470588236116 301 1121 1521 1558
1189 2057.4852420306997 -2406.4521147302585 218 1068 1470
1190 2582.6676003735047 -3036.2549019608414 192 1052 1539
1191 1793.3928571428405 -3196.727941176505 795 863 1559
1192 2061.83586626139 -2208.310387984966 258 621
1193 2583.0133928571595 -3683.977941176505 749 1163 1533 1560
1194 2323.7135785006685 -3870.159871869604 477 1484 1488
1195 1796.5793650794076 -2623.797385621001 57
1196 2325.2380952381063 -2897.7338935574517 238 378 950 1384
1197 1256.8571428571595 -2095.352941176505 1546
1198 994.8571428571595 -811.8529411765048 1469
1199 1805.118204804021 -2682.5786048932932 58 530
1200 1799.8444846293423 -2015.0111690246267 285 909 1434
1201 1794.3571428571595 -2909.852941176505 1547
1202 2324.8806722689187 -2598.411764705903 313 1471 1561
1203 1010.8571428571595 -888.2352941177087 1562
1204 1532.8571428571595 -2142.852941176505 1327 1563
1205 1013.7991718426347 -705.8312020460144 164 1452 1531
1206 1276.2637362637324 -1823.2870071105426 499 1333 1558 1564
1207 226.50420168065466 -229.5 1385 1565 1566
1208 1010.3571428571595 -2329.7881263616728 196 1197 1567
1209 1272.3941798942396 -2393.4270152505487 1458 1512 1568 1569
1210 1534.421658986248 -2521.0303605312947 490 1096 1405 1570
1211 1270.3571428571595 -2354.352941176505 1513
1212 488.20329670328647 -2813.833710407256 683 1507 1571
1213 226.05714285711292 -514.0029411765281 1205 1572 1573
1214 219.25714285718277 -487.3529411765048 1573 1574
1215 481.3571428571595 -3127.352941176505 1509
1216 2306.657142857206 -2644.752941176528
1217 479.8571428571595 -2806.852941176505
1218 2044.7633928571595 -4187.259191176505 1553
1219 1784.2321428571595 -2627.852941176505 1315
1220 1020.7460317460354 -1073.0270152505254 280 1097 1575 1576
1221 2063.2207792208064 -2696.852941176505 616
1222 1281.0988095238572 -3191.419607843156 129 768 1543 1577
1223 1276.921658986248 -2174.6110056926263 1442 1541 1578
1224 490.47714285715483 -734.292941176449 1264 1579
1225 228.81714285712224 -583.2329411765095 145 1412 1580
1226 1282.9867724868236 -2071.371459695045 217 1368 1545
1227 2594.9908062234754 -4148.4717530576745 489 1326 1338
1228 492.8571428571595 -1583.8529411765048 1551
1229 233.9523809524253 -463.5196078431327 654 1429
1230 1538.8258928571595 -2145.712316176505 223 1516 1563
1231 2328.3571428571595 -3135.352941176505
1232 1021.2961672473466 -1742.7675753228832 411
1233 1812.6289549376816 -2874.6818002369255 250 284
1234 1810.862607338 -1897.4895531983348
1235 1542.0608465608675 -2000.371459695045 210 434 1351 1557
1236 2062.7480519480305 -2065.9711229946697 1292
1237 229.8571428571595 -245.43627450987697 16 29 1565
1238 2067.4404761905316 -2110.2696078431327 206
1239 1545.599078341038 -1866.5206831119722 513 1530 1534 1581
1240 1278.4935064935125 -1684.5802139037987
1241 491.87637362640817 -190.58371040725615 1090 1094 1582
1242 497.0476190476911 -163.35294117650483 355 1453 1582
1243 2595.2015873015625 -3624.8418300653575 854 1298 1583 1584
1244 1278.6383928571595 -2553.665441176505 325
1245 2588.6952380952425 -3654.5434173670365 789 1233 1560 1583
1246 494.0793650794076 -3069.3807189542567 248 1224 1508 1571
1247 1021.0506912443088 -3268.4794920450076 99 1585
1248 1805.0124826630345 -2341.0616790405475 0 1250 1503
1249 2327.6018237082753 -2800.7359198998893 43 234 1307
1250 1012.2349206348881 -905.5084967321018 409 1562 1575
1251 227.6071428571595 -530.5529411764583 1572 1586
1252 228.3571428571595 -549.3529411765048 1586
1253 488.65714285720605 -1611.9529411764815 1550
1254 2070.4404761905316 -2148.2696078431327 257
1255 228.3571428571595 -161.85294117650483 1566
1256 1809.197142857127 -3144.3129411764676 955 1559 1587
1257 1273.8571428571595 -2251.852941176505 1439
1258 2592.8571428571595 -4159.852941176505
1259 2075.3928571428405 -2571.7100840336643 13 469 1536
1260 488.0571428571129 -781.6529411765514 1579
1261 484.8571428571595 -3581.852941176505 1266
1262 2600.9865546218352 -3595.6823529412504 135 868 1407 1584
1263 2863.8571428571595 -3092.869607843226 24 42 1498
1264 1812.1904761905316 -2671.4957983193453
1265 1287.2431077694055 -2402.2301341589773 1457 1568 1588
1266 1287.6904761905316 -2367.686274509877 1569
1267 1551.6180124223465 -2502.1572890025564 48 754 1570
1268 1284.0909090909408 -2288.1061879297486 174 388 1409 1540
1269 1287.3571428571595 -2245.852941176505 175
1270 1285.5714285714785 -2231.352941176505 1515
1271 1795.8571428571595 -2532.852941176505 1480
1272 1285.8571428571595 -2206.852941176505 1542
1273 239.3571428571595 -607.3529411765048 1580
1274 1285.714285714319 -2160.442226890824 140 1445 1578
1275 2580.8571428571595 -3045.852941176505
1276 762.5714285714785 -803.4957983193453 291
1277 240.5904761904385 -484.71960784320254 891 1574 1589
1278 497.0821428571362 -2621.977941176505 158 264 1544
1279 1549.5844155844534 -3132.625668449211 1549
1280 1287.353439153405 -1960.871459695045 7 1554 1590
1281 1028.2321428571595 -2386.2993697479833 186 1008 1535 1591
1282 1027.3571428571595 -365.3529411765048 1510
1283 1028.7504234896041 -2305.6968146943254 81 339 1230 1567
1284 499.74603174603544 -988.797385621001 346
1285 1798.726708074566 -2602.7442455242854 1382
1286 1282.8571428571595 -3294.852941176505 1258
1287 1798.3571428571595 -1889.3529411765048
1288 1020.3571428571595 -2382.686274509877 1591
1289 1018.8338870431762 -2904.190150478855 1313
1290 1281.8571428571595 -1695.8529411765048
1291 1019.8571428571595 -1130.8529411765048 1576
1292 1280.2571428571828 -1955.5529411764583 1331 1590
1293 1034.1904761905316 -3468.501089324709 1585
1294 511.9377880184911 -1151.6432637571124 62 328 1505 1592
1295 509.0515873016557 -1114.7140522876289 598 1490 1592
1296 1556.657142857206 -2641.752941176528
1297 1818.9834586466895 -3090.6687306502135 118 1009 1587
1298 1296.8038095238153 -2389.8996078431373 205 253 1588
1299 2345.2015873015625 -2569.186274509877 152 519 1561
1300 1553.428571428638 -3249.567226890824 1465
1301 245.5 -507.0672268908238 169 1589
1302 1029.9391100702342 -1854.254580520792 181 404 1555
1303 2870.494824016583 -3164.29497016198 47 1537
1304 1293.2394957983634 -1788.75 37 659 1389 1564
1305 1034.4571428571362 -616.5529411764583 166
1306 1555.1180124223465 -1850.4398976982338 1581
1307 1034.498652291135 -2486.4661487237317 1482
1308 506.74603174603544 -1192.4640522876289 61
1309 2871.3571428571595 -3130.352941176505
1310 1823.3571428571595 -2643.852941176505
1311 503.52380952378735 -1228.686274509877 242
1312 1289.1904761905316 -2432.186274509877
1313 1825.8571428571595 -2312.852941176505
1314 1287.3571428571595 -3186.352941176505 1577
1315 1561.9682539682835 -3220.464052287629 1548
1316 1814.726708074566 -2577.7442455242854 1479
1317 774.3722943722969 -2554.292335115955
1318 2338.0714285714785 -3339.352941176505 150
1319 776.8571428571595 -927.8529411765048 117
1320 513.2571428571828 -1448.2862745098537 161
1321 514.157142857206 -960.1529411765514
1322 1299.3571428571595 -2212.352941176505 260
1323 252.8571428571595 -750.8529411765048
1324 1036.7460317460354 -2174.241830065381 546
1325 2863.4821428571595 -3187.602941176505
1326 1035.8571428571595 -3215.852941176505 98
1327 1297.3571428571595 -2600.352941176505
1328 1559.3571428571595 -2648.352941176505
1329 2342.3571428571595 -2414.852941176505
