736
568 1081 0 
1081 568 0 
899 1307 0 
1307 899 0 
1322 95 260 176 177 391 255 253 1588 1457 1358 995 806 428 427 1481 1394 1223 876 539 232 
95 1322 232 539 876 1223 1394 1481 427 428 806 995 1358 1457 1588 253 255 391 177 176 260 
1068 124 1474 1524 1276 1220 1110 20 21 138 132 122 111 109 471 548 1021 937 935 1097 280 282 101 102 246 245 892 780 714 713 1120 1109 1108 8 9 701 1116 222 221 449 32 31 343 341 856 753 576 359 286 
124 1068 286 359 576 753 856 341 343 31 32 449 221 222 1116 701 9 8 1108 1109 1120 713 714 780 892 245 246 102 101 282 280 1097 935 937 1021 548 471 109 111 122 132 138 21 20 1110 1220 1276 1524 1474 
1291 605 0 
605 1291 0 
60 1115 169 1589 891 889 1104 19 21 138 132 122 111 109 471 548 1021 937 935 1097 280 282 101 102 246 245 892 780 714 713 1120 1109 988 871 649 648 973 769 770 1030 823 645 547 384 84 81 339 73 72 186 1535 1481 1394 1395 
1115 60 1395 1394 1481 1535 186 72 73 339 81 84 384 547 645 823 1030 770 769 973 648 649 871 988 1109 1120 713 714 780 892 245 246 102 101 282 280 1097 935 937 1021 548 471 109 111 122 132 138 21 19 1104 889 891 1589 169 
1025 782 1356 880 541 315 316 1388 798 779 780 892 245 246 102 101 282 280 1097 115 116 1441 1440 399 401 292 290 224 226 1448 1207 
782 1025 1207 1448 226 224 290 292 401 399 1440 1441 116 115 1097 280 282 101 102 246 245 892 780 779 798 1388 316 315 541 880 1356 
1023 1284 1318 1317 974 973 648 649 871 988 1109 1120 713 714 780 892 245 246 102 101 282 280 1097 935 937 1021 818 544 345 346 
1284 1023 346 345 544 818 1021 937 935 1097 280 282 101 102 246 245 892 780 714 713 1120 1109 988 871 649 648 973 974 1317 1318 
1266 446 1569 1458 332 333 450 666 70 69 275 575 1070 1175 1316 1381 473 357 356 1050 367 368 950 378 375 269 268 167 75 76 87 95 199 287 1248 1151 848 785 
446 1266 785 848 1151 1248 287 199 95 87 76 75 167 268 269 375 378 950 368 367 1050 356 357 473 1381 1316 1175 1070 575 275 69 70 666 450 333 332 1458 1569 
584 945 924 918 917 945 944 354 331 330 1424 376 378 950 368 367 1050 356 357 473 461 462 371 3 1 942 448 221 222 1116 701 9 8 1108 1109 1120 713 714 780 892 245 246 102 101 282 280 1097 935 937 1021 548 471 109 111 122 132 138 21 19 1104 889 890 897 1091 1089 1285 
945 584 1285 1089 1091 897 890 889 1104 19 21 138 132 122 111 109 471 548 1021 937 935 1097 280 282 101 102 246 245 892 780 714 713 1120 1109 1108 8 9 701 1116 222 221 448 942 1 3 371 462 461 473 357 356 1050 367 368 950 378 376 1424 330 331 354 944 945 917 918 924 
604 414 0 
414 604 0 
788 624 1213 1519 1552 226 224 290 292 401 399 1440 1441 1362 1021 818 544 336 337 597 733 59 60 240 1046 1047 1371 1520 1468 1449 1450 1417 560 559 
624 788 559 560 1417 1450 1449 1468 1520 1371 1047 1046 240 60 59 733 597 337 336 544 818 1021 1362 1441 1440 399 401 292 290 224 226 1552 1519 1213 
63 1139 55 53 441 1093 1286 427 428 806 996 1138 1253 1460 
1139 63 1460 1253 1138 996 806 428 427 1286 1093 441 53 55 
285 625 0 
625 285 0 
1017 788 1429 654 653 890 889 1104 19 20 1110 1220 1275 1273 1274 1522 1556 1518 1213 
788 1017 1213 1518 1556 1522 1274 1273 1275 1220 1110 20 19 1104 889 890 653 654 1429 
384 1011 699 855 1155 1154 1172 1248 287 199 95 87 76 75 167 268 269 375 378 950 368 367 1050 356 357 473 1381 1316 1175 1070 575 275 69 70 666 585 584 970 969 1038 1037 1040 1187 1370 1379 
1011 384 1379 1370 1187 1040 1037 1038 969 970 584 585 666 70 69 275 575 1070 1175 1316 1381 473 357 356 1050 367 368 950 378 375 269 268 167 75 76 87 95 199 287 1248 1172 1154 1155 855 699 
331 324 623 622 212 214 624 1406 1297 1173 1072 925 742 569 377 375 269 268 167 75 76 87 95 199 288 503 631 836 905 1011 136 133 866 853 788 748 693 695 630 607 606 526 527 
324 331 527 526 606 607 630 695 693 748 788 853 866 133 136 1011 905 836 631 503 288 199 95 87 76 75 167 268 269 375 377 569 742 925 1072 1173 1297 1406 624 214 212 622 623 
447 233 0 
233 447 0 
204 563 0 
563 204 0 
1314 658 1577 1543 969 970 584 585 667 926 1016 1095 1200 1309 1363 449 221 222 1116 701 9 8 1108 1109 1120 713 714 780 892 245 246 102 101 282 280 1097 935 937 1021 548 471 109 111 122 132 138 21 20 1110 1221 1526 1527 1492 1281 1280 1066 
658 1314 1066 1280 1281 1492 1527 1526 1221 1110 20 21 138 132 122 111 109 471 548 1021 937 935 1097 280 282 101 102 246 245 892 780 714 713 1120 1109 1108 8 9 701 1116 222 221 449 1363 1309 1200 1095 1016 926 667 585 584 970 969 1543 1577 
1054 864 1311 1144 1143 914 915 1088 1336 1354 1353 844 842 841 887 402 401 399 1440 1441 116 115 1097 280 282 101 102 246 245 892 780 714 713 1120 1109 1108 8 9 701 1116 222 221 449 1363 1309 1200 1095 1016 926 667 446 324 67 68 1290 
864 1054 1290 68 67 324 446 667 926 1016 1095 1200 1309 1363 449 221 222 1116 701 9 8 1108 1109 1120 713 714 780 892 245 246 102 101 282 280 1097 115 116 1441 1440 399 401 402 887 841 842 844 1353 1354 1336 1088 915 914 1143 1144 1311 
546 773 791 790 857 858 464 363 365 568 377 378 950 368 367 1050 356 357 473 1381 1316 1175 1070 575 275 69 70 666 585 584 970 969 1543 129 128 279 
773 546 279 128 129 1543 969 970 584 585 666 70 69 275 575 1070 1175 1316 1381 473 357 356 1050 367 368 950 378 377 568 365 363 464 858 857 790 791 
48 782 143 211 1387 1055 501 499 1333 713 714 780 892 245 246 102 101 282 280 1097 115 116 1441 1440 399 401 292 290 224 226 1448 1207 
782 48 1207 1448 226 224 290 292 401 399 1440 1441 116 115 1097 280 282 101 102 246 245 892 780 714 713 1333 499 501 1055 1387 211 143 
1197 777 1546 1444 1445 140 141 261 176 177 391 389 883 
777 1197 883 389 391 177 176 261 141 140 1445 1444 1546 
1320 1023 161 162 1520 1371 1047 1046 240 60 59 733 597 337 336 544 818 1021 937 935 1097 280 282 101 102 246 245 892 780 714 713 1120 1109 988 871 649 648 973 974 1317 1318 
1023 1320 1318 1317 974 973 648 649 871 988 1109 1120 713 714 780 892 245 246 102 101 282 280 1097 935 937 1021 818 544 336 337 597 733 59 60 240 1046 1047 1371 1520 162 161 
927 493 726 725 733 597 337 336 544 819 
493 927 819 544 336 337 597 733 725 726 
1218 1063 0 
1063 1218 0 
668 1257 958 354 331 330 1424 376 378 950 368 367 1050 356 357 473 461 462 371 370 1044 342 51 49 1200 965 884 389 388 1409 1410 1439 
1257 668 1439 1410 1409 388 389 884 965 1200 49 51 342 1044 370 371 462 461 473 357 356 1050 367 368 950 378 376 1424 330 331 354 958 
121 734 283 282 101 102 246 245 892 780 714 713 1120 1109 988 871 649 648 973 769 770 1030 823 645 547 384 84 81 339 73 72 186 1535 1481 1394 1223 876 539 414 156 157 967 65 64 231 
734 121 231 64 65 967 157 156 414 539 876 1223 1394 1481 1535 186 72 73 339 81 84 384 547 645 823 1030 770 769 973 648 649 871 988 1109 1120 713 714 780 892 245 246 102 101 282 283 
1059 1201 0 
1201 1059 0 
615 1269 0 
1269 615 0 
1236 1253 1292 1165 910 845 846 1012 447 221 222 1116 701 9 8 1108 1109 1120 713 714 780 892 245 246 102 101 282 280 1097 935 937 1021 818 544 336 337 597 733 59 60 240 1046 1047 1371 1520 1468 1449 1450 1491 1550 
1253 1236 1550 1491 1450 1449 1468 1520 1371 1047 1046 240 60 59 733 597 337 336 544 818 1021 937 935 1097 280 282 101 102 246 245 892 780 714 713 1120 1109 1108 8 9 701 1116 222 221 447 1012 846 845 910 1165 1292 
528 1131 0 
1131 528 0 
750 604 1039 1038 969 970 584 585 667 926 1016 1095 1200 1309 1363 449 221 222 1116 701 9 8 1108 1109 1120 713 714 780 892 245 246 102 101 282 280 1097 935 937 1021 548 471 109 111 122 132 138 21 20 1110 1220 1275 1273 1117 989 990 
604 750 990 989 1117 1273 1275 1220 1110 20 21 138 132 122 111 109 471 548 1021 937 935 1097 280 282 101 102 246 245 892 780 714 713 1120 1109 1108 8 9 701 1116 222 221 449 1363 1309 1200 1095 1016 926 667 585 584 970 969 1038 1039 
470 770 50 48 1570 1405 666 446 445 995 185 72 74 196 1197 
770 470 1197 196 74 72 185 995 445 446 666 1405 1570 48 50 
99 906 239 897 890 889 1104 19 21 138 132 122 111 109 471 548 1021 937 935 1097 280 282 101 102 246 245 892 780 714 713 1120 1109 1108 8 9 701 1116 222 221 448 942 1 3 371 462 461 473 357 356 1050 367 368 950 378 375 269 268 167 75 76 87 95 199 288 503 631 836 905 1011 1239 1299 1232 1162 1077 1031 960 864 805 716 566 476 478 482 267 265 78 80 
906 99 80 78 265 267 482 478 476 566 716 805 864 960 1031 1077 1162 1232 1299 1239 1011 905 836 631 503 288 199 95 87 76 75 167 268 269 375 378 950 368 367 1050 356 357 473 461 462 371 3 1 942 448 221 222 1116 701 9 8 1108 1109 1120 713 714 780 892 245 246 102 101 282 280 1097 935 937 1021 548 471 109 111 122 132 138 21 19 1104 889 890 897 239 
477 299 0 
299 477 0 
497 1143 829 830 640 358 359 575 1070 1175 1316 1381 473 357 356 1174 1378 1529 
1143 497 1529 1378 1174 356 357 473 1381 1316 1175 1070 575 359 358 640 830 829 
809 407 1234 1025 765 604 605 970 584 585 666 70 69 275 575 1070 1175 1316 1381 473 357 356 1050 367 368 950 378 375 269 268 167 75 76 87 95 199 288 503 631 836 905 1011 1239 1299 1232 1162 1077 1031 960 864 805 716 566 476 478 482 267 265 78 79 639 
407 809 639 79 78 265 267 482 478 476 566 716 805 864 960 1031 1077 1162 1232 1299 1239 1011 905 836 631 503 288 199 95 87 76 75 167 268 269 375 378 950 368 367 1050 356 357 473 1381 1316 1175 1070 575 275 69 70 666 585 584 970 605 604 765 1025 1234 
1320 540 0 
540 1320 0 
665 1307 1045 1046 240 60 59 733 597 337 336 544 818 1021 937 935 1097 280 282 101 102 246 245 892 780 714 713 1120 1109 988 871 649 648 973 769 770 1030 823 645 547 384 84 81 339 73 72 186 1535 1481 1482 
1307 665 1482 1481 1535 186 72 73 339 81 84 384 547 645 823 1030 770 769 973 648 649 871 988 1109 1120 713 714 780 892 245 246 102 101 282 280 1097 935 937 1021 818 544 336 337 597 733 59 60 240 1046 1045 
522 559 453 319 15 12 611 934 933 1308 235 25 26 463 569 568 365 364 470 
559 522 470 364 365 568 569 463 26 25 235 1308 933 934 611 12 15 319 453 
1044 1166 1283 1280 1281 1492 1527 1526 1221 1110 20 21 138 132 122 111 109 471 548 1021 937 935 1097 280 282 101 102 246 245 892 780 714 713 1120 1109 1108 8 9 701 1116 222 221 448 942 1 3 371 462 461 473 357 356 1050 529 492 493 
1166 1044 493 492 529 1050 356 357 473 461 462 371 3 1 942 448 221 222 1116 701 9 8 1108 1109 1120 713 714 780 892 245 246 102 101 282 280 1097 935 937 1021 548 471 109 111 122 132 138 21 20 1110 1221 1526 1527 1492 1281 1280 1283 
576 1306 763 764 926 1016 1095 1200 1309 1363 449 447 1013 840 512 513 1581 
1306 576 1581 513 512 840 1013 447 449 1363 1309 1200 1095 1016 926 764 763 
970 140 1345 1344 498 494 495 531 580 1073 1061 77 75 167 268 269 375 378 950 368 367 1050 356 357 473 461 462 371 3 1 942 448 221 222 1116 701 9 8 1108 1109 1120 1332 798 799 311 
140 970 311 799 798 1332 1120 1109 1108 8 9 701 1116 222 221 448 942 1 3 371 462 461 473 357 356 1050 367 368 950 378 375 269 268 167 75 77 1061 1073 580 531 495 494 498 1344 1345 
564 335 938 278 128 129 1543 969 970 584 585 666 70 69 275 359 358 625 
335 564 625 358 359 275 69 70 666 585 584 970 969 1543 129 128 278 938 
723 1307 488 483 486 1320 736 735 734 487 482 478 476 566 716 805 864 960 1031 1077 1162 1232 1299 1239 1011 905 836 631 503 288 199 95 87 76 75 167 268 269 375 378 950 368 367 1050 356 357 473 1381 1316 1175 1070 575 275 69 70 666 446 445 995 806 428 427 1481 1482 
1307 723 1482 1481 427 428 806 995 445 446 666 70 69 275 575 1070 1175 1316 1381 473 357 356 1050 367 368 950 378 375 269 268 167 75 76 87 95 199 288 503 631 836 905 1011 1239 1299 1232 1162 1077 1031 960 864 805 716 566 476 478 482 487 734 735 736 1320 486 483 488 
1198 470 1469 1329 979 402 401 399 1440 1441 116 115 1097 280 282 101 102 246 245 892 780 714 713 1120 1109 1108 8 9 701 1116 222 221 449 32 31 343 51 50 
470 1198 50 51 343 31 32 449 221 222 1116 701 9 8 1108 1109 1120 713 714 780 892 245 246 102 101 282 280 1097 115 116 1441 1440 399 401 402 979 1329 1469 
667 256 0 
256 667 0 
905 904 1338 1326 1323 736 735 734 487 482 478 476 566 716 805 864 960 1031 1077 1162 1232 1299 1239 1011 905 836 631 503 288 199 95 87 76 75 167 268 269 375 378 950 368 367 1050 356 357 473 1381 1316 1175 1070 575 275 69 70 666 446 445 995 806 428 427 1481 1394 1223 876 539 414 156 157 967 65 64 230 710 847 874 982 980 1210 1265 
904 905 1265 1210 980 982 874 847 710 230 64 65 967 157 156 414 539 876 1223 1394 1481 427 428 806 995 445 446 666 70 69 275 575 1070 1175 1316 1381 473 357 356 1050 367 368 950 378 375 269 268 167 75 76 87 95 199 288 503 631 836 905 1011 1239 1299 1232 1162 1077 1031 960 864 805 716 566 476 478 482 487 734 735 736 1323 1326 1338 
1201 687 0 
687 1201 0 
1228 859 1551 1491 1450 1449 1468 1520 1371 1047 1046 240 60 59 733 597 337 336 544 818 1021 937 935 1097 280 282 101 102 246 245 892 780 714 713 1120 1109 1108 8 9 701 1116 222 221 449 32 31 343 341 856 753 576 575 1071 
859 1228 1071 575 576 753 856 341 343 31 32 449 221 222 1116 701 9 8 1108 1109 1120 713 714 780 892 245 246 102 101 282 280 1097 935 937 1021 818 544 336 337 597 733 59 60 240 1046 1047 1371 1520 1468 1449 1450 1491 1551 
206 584 431 560 1417 1450 1449 1468 1520 1371 1047 1046 240 60 59 733 597 337 336 544 818 1021 937 935 1097 280 282 101 102 246 245 892 780 714 713 1120 1109 1108 8 9 701 1116 222 221 448 942 1 3 371 462 461 473 357 356 1050 367 368 950 378 376 1424 330 331 354 944 945 917 918 924 
584 206 924 918 917 945 944 354 331 330 1424 376 378 950 368 367 1050 356 357 473 461 462 371 3 1 942 448 221 222 1116 701 9 8 1108 1109 1120 713 714 780 892 245 246 102 101 282 280 1097 935 937 1021 818 544 336 337 597 733 59 60 240 1046 1047 1371 1520 1468 1449 1450 1417 560 431 
1108 519 1084 1067 956 957 859 464 363 365 568 377 378 950 368 367 1050 356 357 473 461 462 371 3 1 942 448 221 222 1116 701 9 8 1108 1109 1120 713 714 780 892 245 246 102 101 282 280 1097 115 116 1441 1440 399 401 402 887 841 842 844 1353 1354 1336 1088 915 914 1143 885 
519 1108 885 1143 914 915 1088 1336 1354 1353 844 842 841 887 402 401 399 1440 1441 116 115 1097 280 282 101 102 246 245 892 780 714 713 1120 1109 1108 8 9 701 1116 222 221 448 942 1 3 371 462 461 473 357 356 1050 367 368 950 378 377 568 365 363 464 859 957 956 1067 1084 
338 305 0 
305 338 0 
1049 1044 0 
1044 1049 0 
780 1011 1205 1573 1574 891 889 1104 19 21 138 132 122 111 109 471 548 1021 937 935 1097 280 282 101 102 246 245 892 780 714 713 1120 1109 1108 8 9 701 1116 222 221 449 1363 1309 1200 1095 1016 926 667 585 584 970 969 1038 1037 1040 1187 1370 1379 
1011 780 1379 1370 1187 1040 1037 1038 969 970 584 585 667 926 1016 1095 1200 1309 1363 449 221 222 1116 701 9 8 1108 1109 1120 713 714 780 892 245 246 102 101 282 280 1097 935 937 1021 548 471 109 111 122 132 138 21 19 1104 889 891 1574 1573 1205 
909 341 0 
341 909 0 
447 1167 610 606 607 630 695 693 748 788 853 866 133 136 1011 905 836 631 503 288 199 95 87 76 75 167 268 269 375 378 950 368 367 1050 356 357 473 461 462 371 3 1 942 448 221 222 1116 701 9 8 1108 1109 1120 713 714 780 892 245 246 102 101 282 280 1097 935 937 1021 548 471 109 111 122 132 138 21 19 1104 976 144 145 1412 1413 
1167 447 1413 1412 145 144 976 1104 19 21 138 132 122 111 109 471 548 1021 937 935 1097 280 282 101 102 246 245 892 780 714 713 1120 1109 1108 8 9 701 1116 222 221 448 942 1 3 371 462 461 473 357 356 1050 367 368 950 378 375 269 268 167 75 76 87 95 199 288 503 631 836 905 1011 136 133 866 853 788 748 693 695 630 607 606 610 
524 68 552 131 132 138 21 20 1110 1221 419 417 421 424 183 
68 524 183 424 421 417 419 1221 1110 20 21 138 132 131 552 
324 326 527 526 606 607 630 695 693 748 788 853 866 133 136 1011 905 836 631 503 288 199 95 87 76 75 167 268 269 375 378 950 368 367 1050 356 357 473 461 462 371 3 1 942 448 221 222 1116 701 9 8 1108 1109 1120 713 714 780 892 245 246 102 101 282 280 1097 935 937 1021 548 471 109 111 122 132 138 21 19 1104 889 890 653 652 619 
326 324 619 652 653 890 889 1104 19 21 138 132 122 111 109 471 548 1021 937 935 1097 280 282 101 102 246 245 892 780 714 713 1120 1109 1108 8 9 701 1116 222 221 448 942 1 3 371 462 461 473 357 356 1050 367 368 950 378 375 269 268 167 75 76 87 95 199 288 503 631 836 905 1011 136 133 866 853 788 748 693 695 630 607 606 526 527 
854 85 1263 1149 1148 1152 1206 1211 19 21 138 132 122 111 109 471 548 1021 937 935 1097 280 282 101 102 246 245 892 780 714 713 1120 1109 988 871 649 648 973 769 770 1030 823 645 547 384 84 81 339 73 72 186 1535 1481 1394 1223 876 539 414 156 157 967 65 64 230 710 847 874 982 980 209 
85 854 209 980 982 874 847 710 230 64 65 967 157 156 414 539 876 1223 1394 1481 1535 186 72 73 339 81 84 384 547 645 823 1030 770 769 973 648 649 871 988 1109 1120 713 714 780 892 245 246 102 101 282 280 1097 935 937 1021 548 471 109 111 122 132 138 21 19 1211 1206 1152 1148 1149 1263 
1079 1139 1402 914 915 1088 1336 1354 1353 844 842 841 887 402 401 399 1440 1441 116 115 1097 280 282 101 102 246 245 892 780 714 713 1120 1109 988 871 649 648 973 769 770 1030 823 645 547 384 385 962 1199 1361 1460 
1139 1079 1460 1361 1199 962 385 384 547 645 823 1030 770 769 973 648 649 871 988 1109 1120 713 714 780 892 245 246 102 101 282 280 1097 115 116 1441 1440 399 401 402 887 841 842 844 1353 1354 1336 1088 915 914 1402 
324 909 527 526 606 607 630 695 693 748 788 853 866 133 136 1011 905 836 631 503 288 199 95 87 76 75 167 268 269 375 378 950 368 367 1050 356 357 473 461 462 371 3 1 942 448 221 222 1116 701 9 8 1108 1109 1120 713 714 780 892 245 246 102 101 282 280 1097 935 937 1341 
909 324 1341 937 935 1097 280 282 101 102 246 245 892 780 714 713 1120 1109 1108 8 9 701 1116 222 221 448 942 1 3 371 462 461 473 357 356 1050 367 368 950 378 375 269 268 167 75 76 87 95 199 288 503 631 836 905 1011 136 133 866 853 788 748 693 695 630 607 606 526 527 
868 477 0 
477 868 0 
947 209 0 
209 947 0 
8 1232 29 16 17 304 573 782 877 1091 897 890 889 1104 19 21 138 132 122 111 109 471 548 1021 937 935 1097 280 282 101 102 246 245 892 780 714 572 538 412 411 
1232 8 411 412 538 572 714 780 892 245 246 102 101 282 280 1097 935 937 1021 548 471 109 111 122 132 138 21 19 1104 889 890 897 1091 877 782 573 304 17 16 29 
1306 1266 1581 513 512 840 1013 447 449 1363 1028 966 884 389 255 253 1588 1568 1569 
1266 1306 1569 1568 1588 253 255 389 884 966 1028 1363 449 447 1013 840 512 513 1581 
122 1102 0 
1102 122 0 
338 175 0 
175 338 0 
392 593 712 240 60 59 733 597 337 336 544 818 1021 937 935 1097 280 282 101 102 246 245 892 780 714 713 1120 1109 1108 8 9 701 1116 222 221 449 1363 1309 1200 1095 1016 926 667 585 584 970 969 1543 768 766 
593 392 766 768 1543 969 970 584 585 667 926 1016 1095 1200 1309 1363 449 221 222 1116 701 9 8 1108 1109 1120 713 714 780 892 245 246 102 101 282 280 1097 935 937 1021 818 544 336 337 597 733 59 60 240 712 
1113 1279 86 76 75 167 268 269 375 378 950 368 367 1050 356 357 473 1381 1316 1175 1070 575 275 69 70 666 585 584 970 969 1543 768 767 1099 1466 1549 
1279 1113 1549 1466 1099 767 768 1543 969 970 584 585 666 70 69 275 575 1070 1175 1316 1381 473 357 356 1050 367 368 950 378 375 269 268 167 75 76 86 
408 872 737 830 640 358 359 576 753 856 341 343 31 32 449 221 222 1116 701 9 8 1108 1109 1120 713 714 780 892 245 246 102 101 282 280 1097 935 937 1021 818 544 336 338 1456 1455 1489 1296 
872 408 1296 1489 1455 1456 338 336 544 818 1021 937 935 1097 280 282 101 102 246 245 892 780 714 713 1120 1109 1108 8 9 701 1116 222 221 449 32 31 343 341 856 753 576 359 358 640 830 737 
1009 504 1399 899 832 595 596 362 361 632 503 288 199 95 87 76 75 167 268 269 375 378 950 368 367 1050 356 357 474 746 
504 1009 746 474 357 356 1050 367 368 950 378 375 269 268 167 75 76 87 95 199 288 503 632 361 362 596 595 832 899 1399 
1088 357 1473 892 245 246 102 101 282 280 1097 115 116 1441 1440 399 401 402 887 841 842 774 773 705 704 655 
357 1088 655 704 705 773 774 842 841 887 402 401 399 1440 1441 116 115 1097 280 282 101 102 246 245 892 1473 
442 286 0 
286 442 0 
449 540 0 
540 449 0 
408 490 737 830 640 358 359 576 753 856 341 343 31 32 449 221 222 1116 701 9 8 1108 1109 1120 713 714 780 892 245 246 102 101 282 280 1097 935 937 1021 548 471 472 
490 408 472 471 548 1021 937 935 1097 280 282 101 102 246 245 892 780 714 713 1120 1109 1108 8 9 701 1116 222 221 449 32 31 343 341 856 753 576 359 358 640 830 737 
367 333 481 478 476 566 716 805 864 960 1031 1077 1162 1232 1299 1239 1011 905 836 631 503 288 199 95 87 76 75 167 268 269 375 378 950 368 367 1050 356 357 473 461 462 371 370 717 564 565 
333 367 565 564 717 370 371 462 461 473 357 356 1050 367 368 950 378 375 269 268 167 75 76 87 95 199 288 503 631 836 905 1011 1239 1299 1232 1162 1077 1031 960 864 805 716 566 476 478 481 
1219 1315 1315 1175 1070 575 275 69 70 666 585 584 970 969 1543 768 767 1099 1466 1548 
1315 1219 1548 1466 1099 767 768 1543 969 970 584 585 666 70 69 275 575 1070 1175 1315 
546 752 791 790 857 858 464 363 365 568 377 378 950 368 367 1050 356 357 473 461 462 371 3 1 942 448 221 222 1116 701 9 8 1108 1109 1120 713 714 780 892 245 246 102 101 282 280 1097 935 937 1021 548 471 109 111 122 132 138 21 19 1104 889 890 897 1091 877 782 573 304 17 18 1350 1348 1122 1123 1192 1169 
752 546 1169 1192 1123 1122 1348 1350 18 17 304 573 782 877 1091 897 890 889 1104 19 21 138 132 122 111 109 471 548 1021 937 935 1097 280 282 101 102 246 245 892 780 714 713 1120 1109 1108 8 9 701 1116 222 221 448 942 1 3 371 462 461 473 357 356 1050 367 368 950 378 377 568 365 363 464 858 857 790 791 
1285 703 1382 1381 461 462 371 3 1 942 448 221 222 1116 701 9 8 1108 1109 1120 713 714 780 892 245 246 102 101 282 280 1097 935 937 1021 548 471 109 111 122 132 138 21 19 1104 889 890 897 1091 877 782 573 304 17 18 1350 1348 1122 1048 1049 
703 1285 1049 1048 1122 1348 1350 18 17 304 573 782 877 1091 897 890 889 1104 19 21 138 132 122 111 109 471 548 1021 937 935 1097 280 282 101 102 246 245 892 780 714 713 1120 1109 1108 8 9 701 1116 222 221 448 942 1 3 371 462 461 1381 1382 
1073 905 1478 1249 1236 1171 728 582 531 495 494 360 294 293 125 126 139 1239 1299 1232 1162 1077 1031 960 864 805 716 566 476 478 482 487 734 735 736 1323 1326 1338 
905 1073 1338 1326 1323 736 735 734 487 482 478 476 566 716 805 864 960 1031 1077 1162 1232 1299 1239 139 126 125 293 294 360 494 495 531 582 728 1171 1236 1249 1478 
448 1286 786 876 1223 1394 1481 427 428 806 995 445 446 585 584 970 605 604 765 1025 1258 
1286 448 1258 1025 765 604 605 970 584 585 446 445 995 806 428 427 1481 1394 1223 876 786 
501 1068 0 
1068 501 0 
170 1261 163 162 1520 1371 1047 1046 240 60 59 733 597 337 336 544 818 1021 937 935 1097 280 282 101 102 246 245 892 780 714 713 1120 1109 988 871 649 648 973 769 770 1030 823 645 547 384 84 81 339 73 72 186 1535 1481 1394 1223 876 539 414 156 157 967 65 64 230 710 847 874 982 980 1210 1266 
1261 170 1266 1210 980 982 874 847 710 230 64 65 967 157 156 414 539 876 1223 1394 1481 1535 186 72 73 339 81 84 384 547 645 823 1030 770 769 973 648 649 871 988 1109 1120 713 714 780 892 245 246 102 101 282 280 1097 935 937 1021 818 544 336 337 597 733 59 60 240 1046 1047 1371 1520 162 163 
120 668 284 250 252 276 492 529 367 368 950 378 376 1424 330 331 354 958 
668 120 958 354 331 330 1424 376 378 950 368 367 529 492 276 252 250 284 
918 987 198 199 288 503 631 836 905 1011 136 133 866 853 788 787 
987 918 787 788 853 866 133 136 1011 905 836 631 503 288 199 198 
282 617 556 1519 1552 226 224 290 292 401 399 1440 1441 116 115 1097 280 282 101 102 246 245 892 780 714 713 1120 1109 1108 8 9 701 1116 222 221 449 1363 1309 1200 1095 1016 926 667 585 586 1106 1004 
617 282 1004 1106 586 585 667 926 1016 1095 1200 1309 1363 449 221 222 1116 701 9 8 1108 1109 1120 713 714 780 892 245 246 102 101 282 280 1097 115 116 1441 1440 399 401 292 290 224 226 1552 1519 556 
891 809 1321 1417 1450 1449 1468 1520 1371 1047 1046 240 60 59 733 597 337 336 544 818 1021 937 935 1097 280 282 101 102 246 245 892 780 714 713 1120 1109 1108 8 9 701 1116 222 221 449 1363 1309 1200 1095 1016 926 667 585 584 970 605 604 765 1025 1234 
809 891 1234 1025 765 604 605 970 584 585 667 926 1016 1095 1200 1309 1363 449 221 222 1116 701 9 8 1108 1109 1120 713 714 780 892 245 246 102 101 282 280 1097 935 937 1021 818 544 336 337 597 733 59 60 240 1046 1047 1371 1520 1468 1449 1450 1417 1321 
1017 1054 1429 654 653 890 889 1104 19 20 1110 1221 419 417 421 423 587 914 1143 1144 1311 
1054 1017 1311 1144 1143 914 587 423 421 417 419 1221 1110 20 19 1104 889 890 653 654 1429 
603 1319 991 1113 1126 1223 1394 1481 1535 186 72 73 339 81 84 384 547 645 823 1030 770 769 973 648 649 871 988 1109 1120 713 714 780 892 245 246 102 101 282 280 1097 115 117 
1319 603 117 115 1097 280 282 101 102 246 245 892 780 714 713 1120 1109 988 871 649 648 973 769 770 1030 823 645 547 384 84 81 339 73 72 186 1535 1481 1394 1223 1126 1113 991 
234 180 130 129 1543 969 970 584 585 667 926 1016 1095 1200 1309 1363 449 221 222 1116 701 9 8 1108 1109 1120 713 714 780 892 245 246 102 101 282 280 1097 935 937 1021 818 544 336 337 597 327 326 
180 234 326 327 597 337 336 544 818 1021 937 935 1097 280 282 101 102 246 245 892 780 714 713 1120 1109 1108 8 9 701 1116 222 221 449 1363 1309 1200 1095 1016 926 667 585 584 970 969 1543 129 130 
672 858 1076 1119 611 12 15 318 1240 751 371 3 1 942 448 221 222 1116 701 9 8 1108 1109 1120 713 714 780 892 245 246 102 101 282 280 1097 935 937 1021 548 471 109 111 122 132 138 21 19 1104 976 144 145 1412 1312 1288 
858 672 1288 1312 1412 145 144 976 1104 19 21 138 132 122 111 109 471 548 1021 937 935 1097 280 282 101 102 246 245 892 780 714 713 1120 1109 1108 8 9 701 1116 222 221 448 942 1 3 371 751 1240 318 15 12 611 1119 1076 
59 714 0 
714 59 0 
1307 417 1482 1481 1535 186 72 73 339 81 84 384 547 645 823 1030 770 769 973 648 649 871 988 1109 1120 713 714 780 892 245 246 102 101 282 280 1097 935 937 1021 548 471 109 111 122 132 138 21 19 1104 889 890 897 1091 877 782 573 304 17 18 1350 1348 1122 1048 902 745 
417 1307 745 902 1048 1122 1348 1350 18 17 304 573 782 877 1091 897 890 889 1104 19 21 138 132 122 111 109 471 548 1021 937 935 1097 280 282 101 102 246 245 892 780 714 713 1120 1109 988 871 649 648 973 769 770 1030 823 645 547 384 84 81 339 73 72 186 1535 1481 1482 
148 672 329 353 364 365 568 569 742 314 312 520 154 153 1301 1076 
672 148 1076 1301 153 154 520 312 314 742 569 568 365 364 353 329 
806 915 0 
915 806 0 
593 95 766 768 1543 969 970 584 585 446 445 995 806 428 427 1481 1394 1223 876 539 232 
95 593 232 539 876 1223 1394 1481 427 428 806 995 445 446 585 584 970 969 1543 768 766 
267 916 0 
916 267 0 
207 1105 127 125 293 294 360 494 495 531 578 1136 
1105 207 1136 578 531 495 494 360 294 293 125 127 
719 79 1130 420 421 423 588 662 657 203 
79 719 203 657 662 588 423 421 420 1130 
940 163 983 982 874 847 710 230 64 65 967 157 156 414 539 876 1223 1394 1481 1535 186 72 73 339 81 84 384 547 645 823 1030 770 769 973 648 649 871 988 1109 1120 713 714 780 892 245 246 102 101 282 280 1097 935 937 1021 548 471 109 111 122 132 138 21 19 1104 889 890 897 1091 1090 1582 355 
163 940 355 1582 1090 1091 897 890 889 1104 19 21 138 132 122 111 109 471 548 1021 937 935 1097 280 282 101 102 246 245 892 780 714 713 1120 1109 988 871 649 648 973 769 770 1030 823 645 547 384 84 81 339 73 72 186 1535 1481 1394 1223 876 539 414 156 157 967 65 64 230 710 847 874 982 983 
1164 1273 103 101 282 280 1097 935 937 1021 548 471 109 111 122 132 138 21 19 1104 976 144 145 1580 
1273 1164 1580 145 144 976 1104 19 21 138 132 122 111 109 471 548 1021 937 935 1097 280 282 101 103 
623 970 1008 186 185 995 445 446 666 70 69 275 575 1070 1175 1316 1381 473 357 356 1050 367 368 950 378 375 269 268 167 75 77 1061 1073 580 531 495 494 498 1344 1345 
970 623 1345 1344 498 494 495 531 580 1073 1061 77 75 167 268 269 375 378 950 368 367 1050 356 357 473 1381 1316 1175 1070 575 275 69 70 666 446 445 995 185 186 1008 
564 906 938 278 128 129 1543 969 970 584 585 666 70 69 275 575 1070 1175 1316 1381 473 357 356 1050 367 368 950 378 375 269 268 167 75 76 87 95 199 288 503 631 836 905 1011 1239 1299 1232 1162 1077 1031 960 864 805 716 566 476 478 482 267 265 78 80 
906 564 80 78 265 267 482 478 476 566 716 805 864 960 1031 1077 1162 1232 1299 1239 1011 905 836 631 503 288 199 95 87 76 75 167 268 269 375 378 950 368 367 1050 356 357 473 1381 1316 1175 1070 575 275 69 70 666 585 584 970 969 1543 129 128 278 938 
449 1048 731 732 1456 338 336 544 818 1021 937 935 1097 280 282 101 102 246 245 892 780 714 713 1120 1109 1108 8 9 701 1116 222 221 448 942 1 3 371 462 461 473 357 356 1050 367 368 950 378 375 269 268 167 75 76 87 94 
1048 449 94 87 76 75 167 268 269 375 378 950 368 367 1050 356 357 473 461 462 371 3 1 942 448 221 222 1116 701 9 8 1108 1109 1120 713 714 780 892 245 246 102 101 282 280 1097 935 937 1021 818 544 336 338 1456 732 731 
1273 180 1580 145 144 976 1104 19 21 138 132 122 111 110 347 345 336 337 597 327 326 
180 1273 326 327 597 337 336 345 347 110 111 122 132 138 21 19 1104 976 144 145 1580 
84 698 0 
698 84 0 
586 263 961 1019 968 967 157 156 414 539 876 1223 1394 1481 1535 186 72 73 339 81 84 384 547 645 823 1030 770 769 973 648 649 871 988 1109 1120 713 714 780 892 245 246 102 101 282 280 1097 935 937 1021 548 471 109 111 122 132 138 170 
263 586 170 138 132 122 111 109 471 548 1021 937 935 1097 280 282 101 102 246 245 892 780 714 713 1120 1109 988 871 649 648 973 769 770 1030 823 645 547 384 84 81 339 73 72 186 1535 1481 1394 1223 876 539 414 156 157 967 968 1019 961 
333 1088 565 31 32 449 221 222 1116 701 9 8 1108 1109 1120 713 714 780 1473 
1088 333 1473 780 714 713 1120 1109 1108 8 9 701 1116 222 221 449 32 31 565 
775 1282 1177 825 480 479 613 690 869 985 701 9 8 1108 1109 1120 713 714 780 892 245 246 102 101 282 280 1097 115 116 1441 1440 399 401 402 887 841 842 844 1353 1354 1336 1088 915 914 1401 1510 
1282 775 1510 1401 914 915 1088 1336 1354 1353 844 842 841 887 402 401 399 1440 1441 116 115 1097 280 282 101 102 246 245 892 780 714 713 1120 1109 1108 8 9 701 985 869 690 613 479 480 825 1177 
84 798 0 
798 84 0 
669 625 0 
625 669 0 
1307 375 1482 1481 1535 186 72 73 339 81 84 384 547 645 823 1030 770 769 973 648 649 871 988 1109 1120 713 714 780 892 245 246 102 101 282 281 
375 1307 281 282 101 102 246 245 892 780 714 713 1120 1109 988 871 649 648 973 769 770 1030 823 645 547 384 84 81 339 73 72 186 1535 1481 1482 
511 1215 0 
1215 511 0 
122 1158 0 
1158 122 0 
514 450 0 
450 514 0 
59 465 0 
465 59 0 
856 522 1287 1381 461 462 751 1240 318 319 453 
522 856 453 319 318 1240 751 462 461 1381 1287 
1013 1308 1408 694 693 748 788 853 866 133 136 1011 905 836 631 503 288 199 95 87 76 75 167 268 269 375 378 950 368 367 1050 356 357 473 461 462 371 3 1 942 448 221 222 1116 701 9 8 1108 1109 1120 713 714 780 892 245 246 102 101 282 280 1097 935 937 1021 818 544 336 337 597 733 59 61 
1308 1013 61 59 733 597 337 336 544 818 1021 937 935 1097 280 282 101 102 246 245 892 780 714 713 1120 1109 1108 8 9 701 1116 222 221 448 942 1 3 371 462 461 473 357 356 1050 367 368 950 378 375 269 268 167 75 76 87 95 199 288 503 631 836 905 1011 136 133 866 853 788 748 693 694 1408 
273 151 543 213 212 622 349 220 219 1069 752 371 370 1044 342 335 
151 273 335 342 1044 370 371 752 1069 219 220 349 622 212 213 543 
1045 910 1125 1126 1223 1394 1481 427 428 806 995 445 446 666 70 69 275 575 1070 1175 1316 1381 1342 
910 1045 1342 1381 1316 1175 1070 575 275 69 70 666 446 445 995 806 428 427 1481 1394 1223 1126 1125 
336 1094 626 651 1048 1122 1348 1350 18 17 304 573 782 877 1091 897 890 889 1104 19 21 138 132 122 111 109 471 548 1021 937 935 1097 280 282 101 102 246 245 892 780 779 798 1388 36 38 784 1277 190 188 512 840 1147 
1094 336 1147 840 512 188 190 1277 784 38 36 1388 798 779 780 892 245 246 102 101 282 280 1097 935 937 1021 548 471 109 111 122 132 138 21 19 1104 889 890 897 1091 877 782 573 304 17 18 1350 1348 1122 1048 651 626 
521 927 0 
927 521 0 
527 408 834 561 562 650 1046 240 60 59 733 597 337 336 544 818 1021 937 935 1097 280 282 101 102 246 245 892 780 714 713 1120 1109 1108 8 9 701 1116 222 221 449 32 31 343 341 856 753 576 359 358 640 830 737 
408 527 737 830 640 358 359 576 753 856 341 343 31 32 449 221 222 1116 701 9 8 1108 1109 1120 713 714 780 892 245 246 102 101 282 280 1097 935 937 1021 818 544 336 337 597 733 59 60 240 1046 650 562 561 834 
1305 715 166 164 1452 1269 843 841 887 402 401 399 1440 1441 116 115 1097 280 282 101 102 246 245 892 780 714 713 1120 1109 1108 8 9 701 1116 222 221 448 942 1 3 371 462 461 473 357 356 1050 367 368 950 378 375 269 268 167 75 76 87 95 199 288 503 631 836 905 1011 136 133 866 853 788 748 693 695 630 629 1242 1164 1124 
715 1305 1124 1164 1242 629 630 695 693 748 788 853 866 133 136 1011 905 836 631 503 288 199 95 87 76 75 167 268 269 375 378 950 368 367 1050 356 357 473 461 462 371 3 1 942 448 221 222 1116 701 9 8 1108 1109 1120 713 714 780 892 245 246 102 101 282 280 1097 115 116 1441 1440 399 401 402 887 841 843 1269 1452 164 166 
706 1007 1023 545 547 645 823 1030 770 769 973 648 649 871 988 1109 1120 713 714 780 892 245 246 102 101 282 280 1097 115 116 1441 1440 399 401 292 290 224 226 1552 1423 
1007 706 1423 1552 226 224 290 292 401 399 1440 1441 116 115 1097 280 282 101 102 246 245 892 780 714 713 1120 1109 988 871 649 648 973 769 770 1030 823 645 547 545 1023 
941 1098 1041 1037 1038 969 970 584 585 666 1405 1570 48 51 342 1044 370 371 751 1240 318 15 12 611 1119 1301 1435 
1098 941 1435 1301 1119 611 12 15 318 1240 751 371 370 1044 342 51 48 1570 1405 666 585 584 970 969 1038 1037 1041 
59 952 0 
952 59 0 
989 169 750 748 788 853 866 133 136 1011 905 836 631 503 288 199 95 87 76 75 167 268 269 375 378 950 368 367 1050 356 357 473 461 462 371 3 1 942 448 221 222 1116 985 869 690 553 215 216 
169 989 216 215 553 690 869 985 1116 222 221 448 942 1 3 371 462 461 473 357 356 1050 367 368 950 378 375 269 268 167 75 76 87 95 199 288 503 631 836 905 1011 136 133 866 853 788 748 750 
1107 820 1256 1022 545 547 645 823 1030 770 769 973 648 649 871 988 1109 1120 713 714 780 892 245 246 102 101 282 280 1097 935 937 1021 818 544 336 337 597 733 59 60 240 1046 1047 1243 
820 1107 1243 1047 1046 240 60 59 733 597 337 336 544 818 1021 937 935 1097 280 282 101 102 246 245 892 780 714 713 1120 1109 988 871 649 648 973 769 770 1030 823 645 547 545 1022 1256 
336 1211 626 651 1048 1122 1348 1350 18 17 304 573 782 877 1091 897 890 889 1104 19 21 138 132 122 111 109 471 548 1021 937 935 1097 280 282 101 102 246 245 892 780 714 713 1120 1109 988 871 649 648 973 769 770 1030 823 645 547 384 385 962 1199 1361 1459 1513 
1211 336 1513 1459 1361 1199 962 385 384 547 645 823 1030 770 769 973 648 649 871 988 1109 1120 713 714 780 892 245 246 102 101 282 280 1097 935 937 1021 548 471 109 111 122 132 138 21 19 1104 889 890 897 1091 877 782 573 304 17 18 1350 1348 1122 1048 651 626 
121 110 283 282 101 102 246 245 892 780 714 713 1120 1109 988 871 649 648 973 769 770 1030 823 645 547 384 84 81 339 73 72 186 1535 1481 1394 1223 876 539 414 156 158 264 
110 121 264 158 156 414 539 876 1223 1394 1481 1535 186 72 73 339 81 84 384 547 645 823 1030 770 769 973 648 649 871 988 1109 1120 713 714 780 892 245 246 102 101 282 283 
1088 420 1473 780 714 713 1120 1109 988 871 649 648 973 769 770 1030 823 645 547 384 84 81 339 73 72 186 1535 1286 1093 992 802 720 719 
420 1088 719 720 802 992 1093 1286 1535 186 72 73 339 81 84 384 547 645 823 1030 770 769 973 648 649 871 988 1109 1120 713 714 780 1473 
951 623 1235 1075 730 721 724 1539 1052 270 269 375 378 950 368 367 1050 356 357 473 1381 1316 1175 1070 575 275 69 70 666 446 445 995 185 186 1008 
623 951 1008 186 185 995 445 446 666 70 69 275 575 1070 1175 1316 1381 473 357 356 1050 367 368 950 378 375 269 270 1052 1539 724 721 730 1075 1235 
1078 349 1485 1504 1531 1452 1269 843 841 887 402 401 399 1440 1441 116 115 1097 280 282 101 102 246 245 892 780 714 713 1120 1109 1108 8 9 701 1116 222 221 448 942 1 3 371 462 461 473 357 356 1050 367 368 950 378 375 269 268 167 75 76 87 95 199 287 1248 1172 1154 1155 1222 643 
349 1078 643 1222 1155 1154 1172 1248 287 199 95 87 76 75 167 268 269 375 378 950 368 367 1050 356 357 473 461 462 371 3 1 942 448 221 222 1116 701 9 8 1108 1109 1120 713 714 780 892 245 246 102 101 282 280 1097 115 116 1441 1440 399 401 402 887 841 843 1269 1452 1531 1504 1485 
906 449 80 78 265 267 482 478 476 566 716 805 864 960 1031 1077 1162 1232 1299 1239 1011 905 836 631 503 288 199 95 87 76 75 167 268 269 375 378 950 368 367 1050 356 357 473 461 462 371 3 1 942 448 221 222 1116 701 9 8 1108 1109 1120 713 714 780 892 245 246 102 101 282 280 1097 935 937 1021 818 544 336 338 1456 732 731 
449 906 731 732 1456 338 336 544 818 1021 937 935 1097 280 282 101 102 246 245 892 780 714 713 1120 1109 1108 8 9 701 1116 222 221 448 942 1 3 371 462 461 473 357 356 1050 367 368 950 378 375 269 268 167 75 76 87 95 199 288 503 631 836 905 1011 1239 1299 1232 1162 1077 1031 960 864 805 716 566 476 478 482 267 265 78 80 
563 1270 601 549 548 1021 937 935 1097 280 282 101 102 246 245 892 780 714 713 1120 1109 988 871 649 648 973 769 770 1030 823 822 1261 1515 
1270 563 1515 1261 822 823 1030 770 769 973 648 649 871 988 1109 1120 713 714 780 892 245 246 102 101 282 280 1097 935 937 1021 548 549 601 
429 831 0 
831 429 0 
658 928 1066 1280 1281 1492 1527 1526 1221 1110 20 19 1104 889 890 897 1091 1090 1582 1453 1357 
928 658 1357 1453 1582 1090 1091 897 890 889 1104 19 20 1110 1221 1526 1527 1492 1281 1280 1066 
1105 819 1136 578 580 1073 1061 77 75 167 268 269 375 378 950 368 367 1050 356 357 473 1381 1316 1175 1070 575 275 69 70 666 585 584 970 969 1038 1037 1040 1185 
819 1105 1185 1040 1037 1038 969 970 584 585 666 70 69 275 575 1070 1175 1316 1381 473 357 356 1050 367 368 950 378 375 269 268 167 75 77 1061 1073 580 578 1136 
74 1289 0 
1289 74 0 
504 1012 746 474 473 1381 1316 1175 1070 575 275 69 70 666 446 445 995 806 428 427 1481 1394 1223 876 539 414 156 157 967 65 64 230 710 847 874 982 981 
1012 504 981 982 874 847 710 230 64 65 967 157 156 414 539 876 1223 1394 1481 427 428 806 995 445 446 666 70 69 275 575 1070 1175 1316 1381 473 474 746 
915 922 1214 739 516 515 596 362 361 632 503 288 199 95 87 76 75 167 268 269 375 378 950 368 367 1050 356 357 473 1381 1316 1175 1070 575 275 69 70 666 446 445 995 806 428 427 1481 1394 1223 876 539 414 156 157 967 65 64 230 710 847 874 986 
922 915 986 874 847 710 230 64 65 967 157 156 414 539 876 1223 1394 1481 427 428 806 995 445 446 666 70 69 275 575 1070 1175 1316 1381 473 357 356 1050 367 368 950 378 375 269 268 167 75 76 87 95 199 288 503 632 361 362 596 515 516 739 1214 
52 328 0 
328 52 0 
1306 1324 1581 513 512 840 1013 447 449 1363 1028 966 884 389 388 1409 1202 644 547 546 
1324 1306 546 547 644 1202 1409 388 389 884 966 1028 1363 449 447 1013 840 512 513 1581 
1141 737 277 276 492 529 367 368 950 378 377 568 365 363 464 859 957 956 1067 1083 
737 1141 1083 1067 956 957 859 464 363 365 568 377 378 950 368 367 529 492 276 277 
1147 852 0 
852 1147 0 
1273 1197 1580 145 144 976 1104 19 21 138 132 122 111 109 471 548 1021 937 935 1097 280 282 101 102 246 245 892 780 714 713 1120 1109 988 871 649 648 973 974 1368 1545 1546 
1197 1273 1546 1545 1368 974 973 648 649 871 988 1109 1120 713 714 780 892 245 246 102 101 282 280 1097 935 937 1021 548 471 109 111 122 132 138 21 19 1104 976 144 145 1580 
1285 203 1382 1381 461 462 371 3 1 942 448 221 222 1116 701 9 8 1108 1109 1120 713 714 780 892 245 246 102 101 282 280 1097 935 937 1021 548 471 109 111 122 132 138 21 20 1110 1221 419 417 421 424 425 426 
203 1285 426 425 424 421 417 419 1221 1110 20 21 138 132 122 111 109 471 548 1021 937 935 1097 280 282 101 102 246 245 892 780 714 713 1120 1109 1108 8 9 701 1116 222 221 448 942 1 3 371 462 461 1381 1382 
158 68 348 220 219 1069 691 444 310 309 943 448 221 222 1116 701 9 8 1108 1109 1120 713 714 780 892 245 246 102 101 282 280 1097 935 937 1021 548 471 109 111 122 132 138 21 20 1110 1221 419 417 421 424 183 
68 158 183 424 421 417 419 1221 1110 20 21 138 132 122 111 109 471 548 1021 937 935 1097 280 282 101 102 246 245 892 780 714 713 1120 1109 1108 8 9 701 1116 222 221 448 943 309 310 444 691 1069 219 220 348 
1269 546 175 177 391 389 884 965 1200 49 51 342 1044 370 371 462 461 473 357 356 1050 367 368 950 378 377 568 365 363 464 858 857 790 791 
546 1269 791 790 857 858 464 363 365 568 377 378 950 368 367 1050 356 357 473 461 462 371 370 1044 342 51 49 1200 965 884 389 391 177 175 
634 694 949 948 1154 1172 1248 287 199 95 87 76 75 167 268 269 375 378 950 368 367 1050 356 357 473 461 462 371 3 1 942 448 221 222 1116 701 9 8 1108 1109 1120 713 714 780 892 245 246 102 101 282 280 1097 115 116 1441 1440 394 395 1042 
694 634 1042 395 394 1440 1441 116 115 1097 280 282 101 102 246 245 892 780 714 713 1120 1109 1108 8 9 701 1116 222 221 448 942 1 3 371 462 461 473 357 356 1050 367 368 950 378 375 269 268 167 75 76 87 95 199 287 1248 1172 1154 948 949 
449 1113 731 732 1456 338 336 544 818 1021 937 935 1097 280 282 101 102 246 245 892 780 714 713 1120 1109 1108 8 9 701 1116 222 221 448 942 1 3 371 462 461 473 357 356 1050 367 368 950 378 375 269 268 167 75 76 86 
1113 449 86 76 75 167 268 269 375 378 950 368 367 1050 356 357 473 461 462 371 3 1 942 448 221 222 1116 701 9 8 1108 1109 1120 713 714 780 892 245 246 102 101 282 280 1097 935 937 1021 818 544 336 338 1456 732 731 
668 614 958 354 331 330 1424 376 378 950 368 367 1050 356 357 473 461 462 371 3 1 942 448 221 222 1116 701 9 8 1108 1109 1120 713 714 780 892 245 246 102 101 282 280 1097 935 937 1021 548 471 109 111 122 132 138 21 20 1110 1221 1526 1527 1492 1281 1003 
614 668 1003 1281 1492 1527 1526 1221 1110 20 21 138 132 122 111 109 471 548 1021 937 935 1097 280 282 101 102 246 245 892 780 714 713 1120 1109 1108 8 9 701 1116 222 221 448 942 1 3 371 462 461 473 357 356 1050 367 368 950 378 376 1424 330 331 354 958 
1326 101 0 
101 1326 0 
1201 1289 0 
1289 1201 0 
1316 95 1479 1381 1316 1175 1070 575 275 69 70 666 446 445 995 806 428 427 1481 1394 1223 876 539 232 
95 1316 232 539 876 1223 1394 1481 427 428 806 995 445 446 666 70 69 275 575 1070 1175 1316 1381 1479 
1013 265 1408 694 693 748 788 853 866 133 136 1011 905 836 631 503 288 199 95 87 76 75 167 268 269 375 378 950 368 367 1050 356 357 473 461 462 371 3 1 942 448 221 222 1116 701 9 8 1108 1109 1120 713 714 780 892 245 246 102 101 282 280 1097 935 937 1021 548 471 109 111 122 132 138 21 20 1110 1221 419 418 514 
265 1013 514 418 419 1221 1110 20 21 138 132 122 111 109 471 548 1021 937 935 1097 280 282 101 102 246 245 892 780 714 713 1120 1109 1108 8 9 701 1116 222 221 448 942 1 3 371 462 461 473 357 356 1050 367 368 950 378 375 269 268 167 75 76 87 95 199 288 503 631 836 905 1011 136 133 866 853 788 748 693 694 1408 
1040 375 1092 904 799 779 780 892 245 246 102 101 282 281 
375 1040 281 282 101 102 246 245 892 780 779 799 904 1092 
96 857 233 416 651 1048 1122 1348 1350 18 17 304 573 782 877 1091 897 890 889 1104 19 21 138 132 122 111 109 471 548 1021 937 935 1097 280 282 101 102 246 245 892 780 714 713 1120 1109 988 871 649 648 973 769 770 1030 823 645 547 384 84 81 339 73 72 186 1535 1481 1394 1223 876 539 414 156 157 967 968 1019 1020 
857 96 1020 1019 968 967 157 156 414 539 876 1223 1394 1481 1535 186 72 73 339 81 84 384 547 645 823 1030 770 769 973 648 649 871 988 1109 1120 713 714 780 892 245 246 102 101 282 280 1097 935 937 1021 548 471 109 111 122 132 138 21 19 1104 889 890 897 1091 877 782 573 304 17 18 1350 1348 1122 1048 651 416 233 
605 658 0 
658 605 0 
1046 79 1293 1165 910 845 846 1012 447 221 222 1116 701 9 8 1108 1109 1120 713 714 780 892 245 246 102 101 282 280 1097 115 116 1441 1440 399 401 402 887 841 842 774 773 705 704 707 658 203 
79 1046 203 658 707 704 705 773 774 842 841 887 402 401 399 1440 1441 116 115 1097 280 282 101 102 246 245 892 780 714 713 1120 1109 1108 8 9 701 1116 222 221 447 1012 846 845 910 1165 1293 
254 987 0 
987 254 0 
566 101 862 861 1209 272 265 267 482 478 476 566 716 805 864 960 1031 1077 1162 1232 1299 1239 1011 905 836 631 503 288 199 95 87 76 75 167 268 269 375 378 950 368 367 1050 356 357 473 1381 1316 1175 1070 575 275 69 70 666 446 445 995 806 428 427 243 
101 566 243 427 428 806 995 445 446 666 70 69 275 575 1070 1175 1316 1381 473 357 356 1050 367 368 950 378 375 269 268 167 75 76 87 95 199 288 503 631 836 905 1011 1239 1299 1232 1162 1077 1031 960 864 805 716 566 476 478 482 267 265 272 1209 861 862 
386 819 317 318 1240 751 371 370 1044 342 51 48 1570 1405 666 585 584 970 969 1038 1037 1040 1185 
819 386 1185 1040 1037 1038 969 970 584 585 666 1405 1570 48 51 342 1044 370 371 751 1240 318 317 
1273 260 1580 145 144 976 1104 19 20 1110 1221 419 417 421 423 525 
260 1273 525 423 421 417 419 1221 1110 20 19 1104 976 144 145 1580 
477 688 0 
688 477 0 
861 1221 1289 226 224 290 292 401 399 1440 1441 116 115 1097 280 282 101 102 246 245 892 780 714 713 1120 1109 1108 8 9 701 1116 222 221 448 942 1 3 371 462 461 473 357 356 1050 367 366 616 
1221 861 616 366 367 1050 356 357 473 461 462 371 3 1 942 448 221 222 1116 701 9 8 1108 1109 1120 713 714 780 892 245 246 102 101 282 280 1097 115 116 1441 1440 399 401 292 290 224 226 1289 
288 1147 0 
1147 288 0 
158 803 348 349 622 212 214 624 1406 1297 1173 1072 925 742 569 377 375 269 268 167 75 76 87 95 199 288 503 631 836 905 1011 1239 1299 1232 1162 1077 1031 960 864 805 716 566 476 478 482 487 734 735 736 1320 486 484 
803 158 484 486 1320 736 735 734 487 482 478 476 566 716 805 864 960 1031 1077 1162 1232 1299 1239 1011 905 836 631 503 288 199 95 87 76 75 167 268 269 375 377 569 742 925 1072 1173 1297 1406 624 214 212 622 349 348 
909 1098 1341 937 935 1097 280 282 101 102 246 245 892 780 714 713 1120 1109 1108 8 9 701 1116 222 221 448 942 1 3 371 751 1240 318 15 12 611 1119 1301 1435 
1098 909 1435 1301 1119 611 12 15 318 1240 751 371 3 1 942 448 221 222 1116 701 9 8 1108 1109 1120 713 714 780 892 245 246 102 101 282 280 1097 935 937 1341 
623 1285 1008 186 185 995 445 446 666 70 69 275 575 1070 1175 1316 1382 
1285 623 1382 1316 1175 1070 575 275 69 70 666 446 445 995 185 186 1008 
81 369 204 382 760 338 336 544 818 1021 937 935 1097 280 282 101 102 246 245 892 780 714 713 1120 1109 988 871 649 647 
369 81 647 649 871 988 1109 1120 713 714 780 892 245 246 102 101 282 280 1097 935 937 1021 818 544 336 338 760 382 204 
337 85 627 1538 1170 728 729 1496 1059 168 167 268 269 375 378 950 368 367 1050 356 357 473 1381 1316 1175 1070 575 275 69 70 666 446 445 995 806 428 427 1481 1394 1223 876 539 414 156 157 967 65 64 230 710 847 874 982 980 209 
85 337 209 980 982 874 847 710 230 64 65 967 157 156 414 539 876 1223 1394 1481 427 428 806 995 445 446 666 70 69 275 575 1070 1175 1316 1381 473 357 356 1050 367 368 950 378 375 269 268 167 168 1059 1496 729 728 1170 1538 627 
715 1141 1124 1164 1242 629 630 695 693 748 788 853 866 133 136 1011 905 836 631 503 288 199 95 87 76 75 167 268 269 375 378 950 368 367 529 492 276 277 
1141 715 277 276 492 529 367 368 950 378 375 269 268 167 75 76 87 95 199 288 503 631 836 905 1011 136 133 866 853 788 748 693 695 630 629 1242 1164 1124 
650 514 0 
514 650 0 
795 1107 0 
1107 795 0 
278 1271 550 964 1148 1152 1206 1211 19 21 138 132 122 111 109 471 548 1021 937 935 1097 280 282 101 102 246 245 892 780 714 713 1120 1109 1108 8 9 701 1116 222 221 448 942 1 3 371 462 461 1480 
1271 278 1480 461 462 371 3 1 942 448 221 222 1116 701 9 8 1108 1109 1120 713 714 780 892 245 246 102 101 282 280 1097 935 937 1021 548 471 109 111 122 132 138 21 19 1211 1206 1152 1148 964 550 
257 1081 393 394 1440 1441 116 115 1097 280 282 101 102 246 245 892 780 714 713 1120 1109 1108 8 9 701 1116 222 221 448 942 1 3 371 462 461 473 357 356 1050 367 368 950 378 375 269 268 167 75 76 87 95 199 288 503 631 836 905 1011 1239 1299 1232 1162 1077 1031 960 864 805 716 566 476 477 1484 1483 
1081 257 1483 1484 477 476 566 716 805 864 960 1031 1077 1162 1232 1299 1239 1011 905 836 631 503 288 199 95 87 76 75 167 268 269 375 378 950 368 367 1050 356 357 473 461 462 371 3 1 942 448 221 222 1116 701 9 8 1108 1109 1120 713 714 780 892 245 246 102 101 282 280 1097 115 116 1441 1440 394 393 
778 1139 1203 1186 1040 1037 1038 969 970 584 585 446 445 995 996 1138 1253 1460 
1139 778 1460 1253 1138 996 995 445 446 585 584 970 969 1038 1037 1040 1186 1203 
1067 1269 1349 1350 18 17 304 573 782 877 1091 897 890 889 1104 19 21 138 132 122 111 109 471 548 1021 937 935 1097 280 282 101 102 246 245 892 780 714 713 1120 1109 1108 8 9 701 985 869 690 613 479 261 176 175 
1269 1067 175 176 261 479 613 690 869 985 701 9 8 1108 1109 1120 713 714 780 892 245 246 102 101 282 280 1097 935 937 1021 548 471 109 111 122 132 138 21 19 1104 889 890 897 1091 877 782 573 304 17 18 1350 1349 
1113 936 86 76 75 167 268 269 375 378 950 368 367 1050 356 357 473 461 462 371 3 1 942 448 221 222 1116 701 9 8 1108 1109 1120 713 714 780 892 245 246 102 101 282 280 1097 115 116 1441 1366 1365 
936 1113 1365 1366 1441 116 115 1097 280 282 101 102 246 245 892 780 714 713 1120 1109 1108 8 9 701 1116 222 221 448 942 1 3 371 462 461 473 357 356 1050 367 368 950 378 375 269 268 167 75 76 86 
514 209 0 
209 514 0 
584 702 924 918 917 945 944 354 331 330 1424 376 378 950 368 367 1050 356 357 473 461 462 371 3 1 942 448 221 222 1116 701 9 8 1108 1109 1120 713 714 780 892 245 246 102 101 282 280 1097 935 937 1021 548 471 109 111 122 132 138 21 20 1111 
702 584 1111 20 21 138 132 122 111 109 471 548 1021 937 935 1097 280 282 101 102 246 245 892 780 714 713 1120 1109 1108 8 9 701 1116 222 221 448 942 1 3 371 462 461 473 357 356 1050 367 368 950 378 376 1424 330 331 354 944 945 917 918 924 
1139 605 0 
605 1139 0 
476 702 123 122 132 138 21 20 1111 
702 476 1111 20 21 138 132 122 123 
765 1081 1118 1117 1273 1275 1220 1110 20 21 138 132 122 111 109 471 548 1021 937 935 1097 280 282 101 102 246 245 892 780 714 713 1120 1109 1108 8 9 701 1116 222 221 448 942 1 3 371 462 461 473 357 356 1050 367 368 950 378 375 269 268 167 75 76 87 95 199 288 503 631 836 905 1011 1239 1299 1232 1162 1077 1031 960 864 805 716 566 476 477 1484 1483 
1081 765 1483 1484 477 476 566 716 805 864 960 1031 1077 1162 1232 1299 1239 1011 905 836 631 503 288 199 95 87 76 75 167 268 269 375 378 950 368 367 1050 356 357 473 461 462 371 3 1 942 448 221 222 1116 701 9 8 1108 1109 1120 713 714 780 892 245 246 102 101 282 280 1097 935 937 1021 548 471 109 111 122 132 138 21 20 1110 1220 1275 1273 1117 1118 
1236 60 1292 1165 910 845 846 1012 447 221 222 1116 701 9 8 1108 1109 1120 713 714 780 892 245 246 102 101 282 280 1097 935 937 1021 548 471 109 111 122 132 138 21 19 1104 889 891 1589 169 
60 1236 169 1589 891 889 1104 19 21 138 132 122 111 109 471 548 1021 937 935 1097 280 282 101 102 246 245 892 780 714 713 1120 1109 1108 8 9 701 1116 222 221 447 1012 846 845 910 1165 1292 
604 303 990 989 1117 1273 1275 1220 1110 20 19 1104 889 890 897 1091 877 782 573 574 
303 604 574 573 782 877 1091 897 890 889 1104 19 20 1110 1220 1275 1273 1117 989 990 
838 472 1212 1208 1209 272 265 267 482 478 476 566 716 805 864 960 1031 1077 1162 1232 1299 1239 139 126 125 293 294 360 498 1390 1393 820 
472 838 820 1393 1390 498 360 294 293 125 126 139 1239 1299 1232 1162 1077 1031 960 864 805 716 566 476 478 482 267 265 272 1209 1208 1212 
317 290 454 319 318 1240 751 371 3 1 942 448 221 222 1116 701 9 8 1108 1109 1120 713 714 780 892 245 246 102 101 282 280 1097 935 937 1021 818 544 336 337 597 733 59 60 240 1046 1047 1371 1520 1468 558 
290 317 558 1468 1520 1371 1047 1046 240 60 59 733 597 337 336 544 818 1021 937 935 1097 280 282 101 102 246 245 892 780 714 713 1120 1109 1108 8 9 701 1116 222 221 448 942 1 3 371 751 1240 318 319 454 
612 1311 1001 383 384 547 645 823 1030 770 769 973 648 649 871 988 1109 1120 713 714 780 892 245 246 102 101 282 280 1097 935 937 1021 818 544 336 337 597 733 59 60 242 
1311 612 242 60 59 733 597 337 336 544 818 1021 937 935 1097 280 282 101 102 246 245 892 780 714 713 1120 1109 988 871 649 648 973 769 770 1030 823 645 547 384 383 1001 
408 122 0 
122 408 0 
1142 1022 1528 1257 1025 765 604 605 970 584 585 666 1405 1570 48 51 342 1044 370 371 751 1241 
1022 1142 1241 751 371 370 1044 342 51 48 1570 1405 666 585 584 970 605 604 765 1025 1257 1528 
1011 504 1379 1370 1187 1040 1037 1038 969 970 584 585 666 70 69 275 575 1070 1175 1316 1381 473 474 746 
504 1011 746 474 473 1381 1316 1175 1070 575 275 69 70 666 585 584 970 969 1038 1037 1040 1187 1370 1379 
667 1318 676 675 821 884 965 1200 49 51 342 1044 370 371 462 461 473 357 356 1050 367 368 950 378 375 269 268 167 75 76 87 95 199 288 503 631 836 600 599 641 642 308 151 150 
1318 667 150 151 308 642 641 599 600 836 631 503 288 199 95 87 76 75 167 268 269 375 378 950 368 367 1050 356 357 473 461 462 371 370 1044 342 51 49 1200 965 884 821 675 676 
86 809 0 
809 86 0 
724 447 1132 816 817 487 482 478 476 567 466 465 526 610 
447 724 610 526 465 466 567 476 478 482 487 817 816 1132 
442 79 0 
79 442 0 
69 992 184 425 424 421 417 419 1221 1110 20 21 138 132 122 111 109 471 548 1021 937 935 1097 280 282 101 102 246 245 892 780 714 713 1120 1109 1108 8 9 701 1116 222 221 448 942 1 3 371 462 461 473 357 356 1050 367 368 950 378 377 568 1500 517 518 635 
992 69 635 518 517 1500 568 377 378 950 368 367 1050 356 357 473 461 462 371 3 1 942 448 221 222 1116 701 9 8 1108 1109 1120 713 714 780 892 245 246 102 101 282 280 1097 935 937 1021 548 471 109 111 122 132 138 21 20 1110 1221 419 417 421 424 425 184 
76 81 197 1355 880 541 315 316 1388 798 779 780 892 245 246 102 101 282 280 1097 935 937 1021 818 544 336 338 760 382 204 
81 76 204 382 760 338 336 544 818 1021 937 935 1097 280 282 101 102 246 245 892 780 779 798 1388 316 315 541 880 1355 197 
740 914 0 
914 740 0 
952 353 0 
353 952 0 
267 1254 0 
1254 267 0 
454 215 0 
215 454 0 
274 1131 452 319 318 1240 751 371 3 1 942 448 221 222 1116 701 9 11 301 1521 
1131 274 1521 301 11 9 701 1116 222 221 448 942 1 3 371 751 1240 318 319 452 
429 989 387 101 102 246 245 892 780 714 713 1120 1109 1108 8 9 701 1116 222 221 448 942 1 3 371 462 461 473 357 356 1050 367 368 950 378 375 269 268 167 75 76 87 95 199 288 503 631 836 905 1011 136 133 866 853 788 748 750 
989 429 750 748 788 853 866 133 136 1011 905 836 631 503 288 199 95 87 76 75 167 268 269 375 378 950 368 367 1050 356 357 473 461 462 371 3 1 942 448 221 222 1116 701 9 8 1108 1109 1120 713 714 780 892 245 246 102 101 387 
765 1049 0 
1049 765 0 
685 948 0 
948 685 0 
908 573 907 711 230 64 65 967 157 156 414 539 876 1223 1394 1481 427 428 806 995 445 446 668 
573 908 668 446 445 995 806 428 427 1481 1394 1223 876 539 414 156 157 967 65 64 230 711 907 
476 977 0 
977 476 0 
101 282 243 1535 186 72 73 339 81 84 384 547 645 823 1030 770 769 973 648 649 871 988 1109 1120 713 714 780 892 245 246 102 101 282 280 1097 115 116 1441 1440 399 401 292 290 224 226 1552 1519 556 
282 101 556 1519 1552 226 224 290 292 401 399 1440 1441 116 115 1097 280 282 101 102 246 245 892 780 714 713 1120 1109 988 871 649 648 973 769 770 1030 823 645 547 384 84 81 339 73 72 186 1535 243 
267 809 0 
809 267 0 
1139 503 0 
503 1139 0 
1011 578 0 
578 1011 0 
108 263 262 344 455 675 821 884 966 1028 1363 449 221 222 1116 701 9 8 1108 1109 1120 713 714 780 892 245 246 102 101 282 280 1097 935 937 1021 548 471 109 111 122 132 138 170 
263 108 170 138 132 122 111 109 471 548 1021 937 935 1097 280 282 101 102 246 245 892 780 714 713 1120 1109 1108 8 9 701 1116 222 221 449 1363 1028 966 884 821 675 455 344 262 
8 1195 29 16 17 304 573 782 877 1091 897 890 889 1104 19 21 138 132 122 111 109 471 548 1021 937 935 1097 280 282 101 102 246 245 892 780 714 713 1120 1109 1108 8 9 701 1116 222 221 448 942 1 3 371 462 461 473 357 56 57 
1195 8 57 56 357 473 461 462 371 3 1 942 448 221 222 1116 701 9 8 1108 1109 1120 713 714 780 892 245 246 102 101 282 280 1097 935 937 1021 548 471 109 111 122 132 138 21 19 1104 889 890 897 1091 877 782 573 304 17 16 29 
337 334 627 1538 1170 728 729 1496 1059 168 167 268 269 375 378 950 368 367 1050 356 357 473 461 462 371 3 1 942 448 221 222 1116 701 9 8 1108 1109 1120 713 714 780 892 245 246 102 101 282 280 1575 409 410 
334 337 410 409 1575 280 282 101 102 246 245 892 780 714 713 1120 1109 1108 8 9 701 1116 222 221 448 942 1 3 371 462 461 473 357 356 1050 367 368 950 378 375 269 268 167 168 1059 1496 729 728 1170 1538 627 
1244 269 325 324 446 666 70 69 275 575 1070 1175 1316 1381 473 357 356 1050 367 368 950 378 375 269 268 167 75 76 87 95 199 288 503 631 836 905 1011 1239 1299 1232 1162 1077 1031 960 864 805 716 566 476 477 1484 536 
269 1244 536 1484 477 476 566 716 805 864 960 1031 1077 1162 1232 1299 1239 1011 905 836 631 503 288 199 95 87 76 75 167 268 269 375 378 950 368 367 1050 356 357 473 1381 1316 1175 1070 575 275 69 70 666 446 324 325 
908 783 0 
783 908 0 
779 580 0 
580 779 0 
175 563 374 483 486 1320 736 735 734 487 482 478 476 566 716 805 864 960 1031 1077 1162 1232 1299 1239 1011 905 836 631 503 288 199 95 87 76 75 167 268 269 375 378 950 368 367 1050 356 357 473 461 462 371 3 1 942 448 221 222 1116 701 9 8 1108 1109 1120 713 714 780 892 245 246 102 101 282 280 1097 935 937 1021 548 549 601 
563 175 601 549 548 1021 937 935 1097 280 282 101 102 246 245 892 780 714 713 1120 1109 1108 8 9 701 1116 222 221 448 942 1 3 371 462 461 473 357 356 1050 367 368 950 378 375 269 268 167 75 76 87 95 199 288 503 631 836 905 1011 1239 1299 1232 1162 1077 1031 960 864 805 716 566 476 478 482 487 734 735 736 1320 486 483 374 
1108 121 1084 1067 956 957 859 464 363 365 568 377 378 950 368 367 1050 356 357 473 461 462 371 3 1 942 448 221 222 1116 701 9 8 1108 1109 1120 713 714 780 892 245 246 102 101 282 283 
121 1108 283 282 101 102 246 245 892 780 714 713 1120 1109 1108 8 9 701 1116 222 221 448 942 1 3 371 462 461 473 357 356 1050 367 368 950 378 377 568 365 363 464 859 957 956 1067 1084 
1221 1211 616 366 367 1050 356 357 473 1381 1316 1175 1070 575 275 69 70 666 450 333 332 1359 1360 1513 
1211 1221 1513 1360 1359 332 333 450 666 70 69 275 575 1070 1175 1316 1381 473 357 356 1050 367 366 616 
1244 577 0 
577 1244 0 
676 117 1082 1208 1209 272 265 267 482 478 476 566 716 805 864 960 1031 1077 1162 1232 1299 1239 1011 905 836 631 503 288 199 95 87 76 75 167 268 269 375 378 950 368 367 1050 356 357 473 1381 1316 1175 1070 575 275 69 71 
117 676 71 69 275 575 1070 1175 1316 1381 473 357 356 1050 367 368 950 378 375 269 268 167 75 76 87 95 199 288 503 631 836 905 1011 1239 1299 1232 1162 1077 1031 960 864 805 716 566 476 478 482 267 265 272 1209 1208 1082 
950 1011 1369 1370 1379 
1011 950 1379 1370 1369 
1221 580 0 
580 1221 0 
724 1318 1132 816 817 487 482 478 476 566 716 805 864 960 1031 1077 1162 1232 1299 1239 912 688 308 151 150 
1318 724 150 151 308 688 912 1239 1299 1232 1162 1077 1031 960 864 805 716 566 476 478 482 487 817 816 1132 
1272 1306 1542 1514 1438 1410 1409 388 389 884 966 1028 1363 449 447 1013 840 512 513 1581 
1306 1272 1581 513 512 840 1013 447 449 1363 1028 966 884 389 388 1409 1410 1438 1514 1542 
123 1054 285 1434 1012 447 221 222 1116 701 9 8 1108 1109 1120 713 714 780 892 245 246 102 101 282 280 1097 115 116 1441 1440 399 401 402 887 841 842 844 1353 1354 1336 1088 915 914 1143 1144 1311 
1054 123 1311 1144 1143 914 915 1088 1336 1354 1353 844 842 841 887 402 401 399 1440 1441 116 115 1097 280 282 101 102 246 245 892 780 714 713 1120 1109 1108 8 9 701 1116 222 221 447 1012 1434 285 
1218 408 0 
408 1218 0 
420 1252 719 720 802 992 1093 1286 1535 186 72 73 339 81 84 384 547 645 823 1030 770 769 973 648 649 871 988 1109 1120 713 714 780 892 245 246 102 101 282 280 1097 935 937 1021 548 471 109 111 122 132 138 21 19 1104 889 891 1574 1573 1572 1586 
1252 420 1586 1572 1573 1574 891 889 1104 19 21 138 132 122 111 109 471 548 1021 937 935 1097 280 282 101 102 246 245 892 780 714 713 1120 1109 988 871 649 648 973 769 770 1030 823 645 547 384 84 81 339 73 72 186 1535 1286 1093 992 802 720 719 
783 672 0 
672 783 0 
1238 288 206 207 258 621 349 220 219 1069 691 444 310 309 943 448 221 222 1116 701 9 8 1108 1109 1120 713 714 780 892 245 246 102 101 282 280 1575 409 408 
288 1238 408 409 1575 280 282 101 102 246 245 892 780 714 713 1120 1109 1108 8 9 701 1116 222 221 448 943 309 310 444 691 1069 219 220 349 621 258 207 206 
60 117 169 1589 891 889 1104 19 21 138 132 122 111 109 471 548 1021 937 935 1097 280 282 101 102 246 245 892 780 714 713 1120 1109 1108 8 9 701 1116 222 221 449 1363 1309 1200 1095 1096 1405 70 71 
117 60 71 70 1405 1096 1095 1200 1309 1363 449 221 222 1116 701 9 8 1108 1109 1120 713 714 780 892 245 246 102 101 282 280 1097 935 937 1021 548 471 109 111 122 132 138 21 19 1104 889 891 1589 169 
1276 1288 291 292 401 399 1440 1441 116 115 1097 280 282 101 102 246 245 892 780 714 713 1120 1109 988 871 649 648 973 769 770 1030 823 645 547 384 84 81 339 73 72 186 1591 
1288 1276 1591 186 72 73 339 81 84 384 547 645 823 1030 770 769 973 648 649 871 988 1109 1120 713 714 780 892 245 246 102 101 282 280 1097 115 116 1441 1440 399 401 292 291 
1143 505 0 
505 1143 0 
917 1300 993 994 63 65 967 157 156 414 539 876 1223 1394 1481 427 428 806 995 445 446 585 584 970 969 1543 768 767 1099 1465 
1300 917 1465 1099 767 768 1543 969 970 584 585 446 445 995 806 428 427 1481 1394 1223 876 539 414 156 157 967 65 63 994 993 
1272 604 1542 1415 1029 1030 770 769 973 648 649 871 988 1109 1120 713 714 780 892 245 246 102 101 282 280 1097 935 937 1021 548 471 109 111 122 132 138 21 20 1110 1220 1275 1273 1117 989 990 
604 1272 990 989 1117 1273 1275 1220 1110 20 21 138 132 122 111 109 471 548 1021 937 935 1097 280 282 101 102 246 245 892 780 714 713 1120 1109 988 871 649 648 973 769 770 1030 1029 1415 1542 
461 856 637 485 486 1320 736 735 734 487 482 478 476 566 716 805 864 960 1031 1077 1162 1232 1299 1239 1011 905 836 631 503 288 199 95 87 76 75 167 268 269 375 378 950 368 367 1050 356 357 473 1381 1287 
856 461 1287 1381 473 357 356 1050 367 368 950 378 375 269 268 167 75 76 87 95 199 288 503 631 836 905 1011 1239 1299 1232 1162 1077 1031 960 864 805 716 566 476 478 482 487 734 735 736 1320 486 485 637 
873 1078 879 541 315 316 1388 798 779 780 892 245 246 102 101 282 280 1097 115 116 1441 1440 399 401 402 887 841 843 1269 1452 1531 1504 1485 
1078 873 1485 1504 1531 1452 1269 843 841 887 402 401 399 1440 1441 116 115 1097 280 282 101 102 246 245 892 780 779 798 1388 316 315 541 879 
472 1018 820 1427 1325 1324 577 580 1073 1061 77 75 167 268 269 375 378 950 368 367 1050 356 357 473 1381 1316 1175 1070 575 275 69 70 666 446 445 995 806 428 427 1481 1394 1223 1126 1113 1112 
1018 472 1112 1113 1126 1223 1394 1481 427 428 806 995 445 446 666 70 69 275 575 1070 1175 1316 1381 473 357 356 1050 367 368 950 378 375 269 268 167 75 77 1061 1073 580 577 1324 1325 1427 820 
329 1273 542 315 316 1388 798 779 780 892 245 246 102 101 282 280 1097 935 937 1021 548 471 109 111 122 132 138 21 19 1104 976 144 145 1580 
1273 329 1580 145 144 976 1104 19 21 138 132 122 111 109 471 548 1021 937 935 1097 280 282 101 102 246 245 892 780 779 798 1388 316 315 542 
1045 329 1125 1126 1223 1394 1481 427 428 806 995 445 446 667 926 1016 1095 1200 1309 1363 449 447 1013 840 512 513 1534 1355 880 541 542 
329 1045 542 541 880 1355 1534 513 512 840 1013 447 449 1363 1309 1200 1095 1016 926 667 446 445 995 806 428 427 1481 1394 1223 1126 1125 
857 1215 0 
1215 857 0 
731 982 0 
982 731 0 
706 1203 1023 545 547 645 823 1030 770 769 973 648 649 871 988 1109 1120 713 714 780 892 245 246 102 101 282 280 1575 1562 
1203 706 1562 1575 280 282 101 102 246 245 892 780 714 713 1120 1109 988 871 649 648 973 769 770 1030 823 645 547 545 1023 
604 783 0 
783 604 0 
1271 289 1480 461 462 371 3 1 942 448 221 222 1116 701 9 8 1108 1109 1120 713 714 780 892 245 246 102 101 282 280 1097 935 937 1021 818 544 336 337 597 733 59 60 240 1046 650 562 557 
289 1271 557 562 650 1046 240 60 59 733 597 337 336 544 818 1021 937 935 1097 280 282 101 102 246 245 892 780 714 713 1120 1109 1108 8 9 701 1116 222 221 448 942 1 3 371 462 461 1480 
669 809 951 368 367 1050 356 357 473 1381 1316 1175 1070 575 275 69 70 666 585 584 970 605 604 765 1025 1234 
809 669 1234 1025 765 604 605 970 584 585 666 70 69 275 575 1070 1175 1316 1381 473 357 356 1050 367 368 951 
175 952 374 483 486 1319 1322 
952 175 1322 1319 486 483 374 
1181 35 1555 404 403 649 872 1189 555 554 701 1116 222 221 448 943 309 310 444 691 1069 219 220 349 622 212 214 624 112 
35 1181 112 624 214 212 622 349 220 219 1069 691 444 310 309 943 448 221 222 1116 701 554 555 1189 872 649 403 404 1555 
418 1276 415 416 651 1048 1122 1348 1350 18 17 304 573 782 877 1091 897 890 889 1104 19 20 1110 1220 1275 1273 1274 1522 1556 1518 1519 1552 226 224 290 291 
1276 418 291 290 224 226 1552 1519 1518 1556 1522 1274 1273 1275 1220 1110 20 19 1104 889 890 897 1091 877 782 573 304 17 18 1350 1348 1122 1048 651 416 415 
724 108 1132 816 817 487 482 478 476 566 716 805 864 960 1031 1077 1162 1232 1299 1239 1011 905 836 631 503 288 199 95 87 76 75 167 268 269 375 378 950 368 367 1050 356 357 473 1381 1316 1175 1070 575 275 69 70 666 450 333 334 344 262 
108 724 262 344 334 333 450 666 70 69 275 575 1070 1175 1316 1381 473 357 356 1050 367 368 950 378 375 269 268 167 75 76 87 95 199 288 503 631 836 905 1011 1239 1299 1232 1162 1077 1031 960 864 805 716 566 476 478 482 487 817 816 1132 
905 922 1338 1326 1323 736 735 734 487 482 478 476 566 716 805 864 960 1031 1077 1162 1232 1299 1239 1011 905 836 631 503 288 199 95 87 76 75 167 268 269 375 378 950 368 367 1050 356 357 473 1381 1316 1175 1070 575 275 69 70 666 446 445 995 806 428 427 1481 1394 1223 876 539 414 156 157 967 65 64 230 710 847 874 986 
922 905 986 874 847 710 230 64 65 967 157 156 414 539 876 1223 1394 1481 427 428 806 995 445 446 666 70 69 275 575 1070 1175 1316 1381 473 357 356 1050 367 368 950 378 375 269 268 167 75 76 87 95 199 288 503 631 836 905 1011 1239 1299 1232 1162 1077 1031 960 864 805 716 566 476 478 482 487 734 735 736 1323 1326 1338 
795 408 0 
408 795 0 
517 208 882 1230 339 73 72 185 995 445 446 666 70 69 275 575 1070 1175 1316 1381 473 357 356 1050 367 368 950 378 375 269 268 167 75 76 87 95 199 288 503 631 836 600 599 641 642 308 151 149 
208 517 149 151 308 642 641 599 600 836 631 503 288 199 95 87 76 75 167 268 269 375 378 950 368 367 1050 356 357 473 1381 1316 1175 1070 575 275 69 70 666 446 445 995 185 72 73 339 1230 882 
1198 532 0 
532 1198 0 
1183 38 0 
38 1183 0 
1143 1052 1529 1378 1174 356 357 473 461 462 371 370 1044 342 51 49 1200 965 884 389 255 256 1462 
1052 1143 1462 256 255 389 884 965 1200 49 51 342 1044 370 371 462 461 473 357 356 1174 1378 1529 
1121 1052 1511 1506 1454 1453 1582 1090 1091 897 890 889 1104 19 21 138 132 122 111 109 471 548 1021 937 935 1097 280 282 101 102 246 245 892 780 714 713 1120 1109 1108 8 9 701 985 869 690 613 479 261 176 174 1540 1462 
1052 1121 1462 1540 174 176 261 479 613 690 869 985 701 9 8 1108 1109 1120 713 714 780 892 245 246 102 101 282 280 1097 935 937 1021 548 471 109 111 122 132 138 21 19 1104 889 890 897 1091 1090 1582 1453 1454 1506 1511 
48 1181 143 210 1557 1270 1115 701 554 555 1189 872 649 403 404 1555 
1181 48 1555 404 403 649 872 1189 555 554 701 1115 1270 1557 210 143 
983 579 0 
579 983 0 
433 614 771 1106 586 585 667 926 1016 1095 1200 1309 1363 449 221 222 1116 701 9 8 1108 1109 1120 713 714 780 892 245 246 102 101 282 280 1097 935 937 1021 548 471 109 111 122 132 138 21 20 1110 1221 1526 1527 1492 1281 1003 
614 433 1003 1281 1492 1527 1526 1221 1110 20 21 138 132 122 111 109 471 548 1021 937 935 1097 280 282 101 102 246 245 892 780 714 713 1120 1109 1108 8 9 701 1116 222 221 449 1363 1309 1200 1095 1016 926 667 585 586 1106 771 
795 291 0 
291 795 0 
927 812 726 725 733 597 337 336 544 818 1021 1362 1441 1366 1237 
812 927 1237 1366 1441 1362 1021 818 544 336 337 597 733 725 726 
940 69 983 982 874 847 710 230 64 65 967 157 156 414 539 876 1223 1394 1481 1535 186 72 73 339 81 84 384 547 645 823 1030 770 769 973 648 649 871 988 1109 1120 713 714 780 892 245 246 102 101 282 280 1097 935 937 1021 548 471 109 111 122 132 138 21 20 1110 1221 419 417 421 424 425 184 
69 940 184 425 424 421 417 419 1221 1110 20 21 138 132 122 111 109 471 548 1021 937 935 1097 280 282 101 102 246 245 892 780 714 713 1120 1109 988 871 649 648 973 769 770 1030 823 645 547 384 84 81 339 73 72 186 1535 1481 1394 1223 876 539 414 156 157 967 65 64 230 710 847 874 982 983 
987 927 787 788 853 866 133 136 1011 905 836 631 503 288 199 95 87 76 75 167 268 269 375 378 950 368 367 1050 356 357 473 461 462 371 3 1 942 448 221 222 1116 701 9 8 1108 1109 1120 713 714 780 892 245 246 102 101 282 280 1097 935 937 1021 818 544 336 337 597 733 725 726 
927 987 726 725 733 597 337 336 544 818 1021 937 935 1097 280 282 101 102 246 245 892 780 714 713 1120 1109 1108 8 9 701 1116 222 221 448 942 1 3 371 462 461 473 357 356 1050 367 368 950 378 375 269 268 167 75 76 87 95 199 288 503 631 836 905 1011 136 133 866 853 788 787 
1011 175 1379 1370 1187 1040 1037 1038 969 970 584 585 666 70 69 275 575 1070 1175 1316 1381 473 357 356 1050 367 368 950 378 375 269 268 167 75 76 87 95 199 288 503 631 836 905 1011 1239 1299 1232 1162 1077 1031 960 864 805 716 566 476 478 482 487 734 735 736 1320 486 483 374 
175 1011 374 483 486 1320 736 735 734 487 482 478 476 566 716 805 864 960 1031 1077 1162 1232 1299 1239 1011 905 836 631 503 288 199 95 87 76 75 167 268 269 375 378 950 368 367 1050 356 357 473 1381 1316 1175 1070 575 275 69 70 666 585 584 970 969 1038 1037 1040 1187 1370 1379 
1315 987 1548 1466 1099 767 768 1543 969 970 584 585 666 70 69 275 575 1070 1175 1316 1381 473 357 356 1050 367 368 950 378 375 269 268 167 75 76 87 95 199 288 503 631 836 905 1011 136 133 866 853 788 787 
987 1315 787 788 853 866 133 136 1011 905 836 631 503 288 199 95 87 76 75 167 268 269 375 378 950 368 367 1050 356 357 473 1381 1316 1175 1070 575 275 69 70 666 585 584 970 969 1543 768 767 1099 1466 1548 
317 375 454 319 318 1240 751 371 3 1 942 448 221 222 1116 701 9 8 1108 1109 1120 713 714 780 892 245 246 102 101 282 281 
375 317 281 282 101 102 246 245 892 780 714 713 1120 1109 1108 8 9 701 1116 222 221 448 942 1 3 371 751 1240 318 319 454 
1139 708 1460 1361 1199 962 385 384 547 645 823 1030 770 769 973 648 649 871 988 1109 1120 713 714 780 892 245 246 102 101 282 280 1097 935 937 1021 818 544 336 337 597 733 59 60 240 1058 
708 1139 1058 240 60 59 733 597 337 336 544 818 1021 937 935 1097 280 282 101 102 246 245 892 780 714 713 1120 1109 988 871 649 648 973 769 770 1030 823 645 547 384 385 962 1199 1361 1460 
215 1131 436 641 599 600 836 631 503 288 199 95 87 76 75 167 268 269 375 378 950 368 367 1050 356 357 473 461 462 371 3 1 942 448 221 222 1116 701 9 11 301 1521 
1131 215 1521 301 11 9 701 1116 222 221 448 942 1 3 371 462 461 473 357 356 1050 367 368 950 378 375 269 268 167 75 76 87 95 199 288 503 631 836 600 599 641 436 
1271 1260 1480 461 462 371 3 1 942 448 221 222 1116 701 9 8 1108 1109 1120 713 714 780 892 245 246 102 101 282 280 1097 935 937 1021 548 471 109 111 122 132 138 21 19 1211 1206 1152 1148 1149 1264 1579 
1260 1271 1579 1264 1149 1148 1152 1206 1211 19 21 138 132 122 111 109 471 548 1021 937 935 1097 280 282 101 102 246 245 892 780 714 713 1120 1109 1108 8 9 701 1116 222 221 448 942 1 3 371 462 461 1480 
80 987 52 53 441 1093 1286 427 428 806 995 445 446 666 70 69 275 575 1070 1175 1316 1381 473 357 356 1050 367 368 950 378 375 269 268 167 75 76 87 95 199 288 503 631 836 905 1011 136 133 866 853 788 787 
987 80 787 788 853 866 133 136 1011 905 836 631 503 288 199 95 87 76 75 167 268 269 375 378 950 368 367 1050 356 357 473 1381 1316 1175 1070 575 275 69 70 666 446 445 995 806 428 427 1286 1093 441 53 52 
604 1142 990 989 1117 1273 1275 1220 1110 20 21 138 132 122 111 109 471 548 1021 937 935 1097 280 282 101 102 246 245 892 780 714 713 1120 1109 1108 8 9 701 1116 222 221 449 1363 1309 1200 1095 1016 926 667 585 584 970 605 604 765 1025 1257 1528 
1142 604 1528 1257 1025 765 604 605 970 584 585 667 926 1016 1095 1200 1309 1363 449 221 222 1116 701 9 8 1108 1109 1120 713 714 780 892 245 246 102 101 282 280 1097 935 937 1021 548 471 109 111 122 132 138 21 20 1110 1220 1275 1273 1117 989 990 
370 212 251 252 276 492 529 1050 356 357 473 1381 1316 1175 1070 575 275 69 70 666 446 445 995 806 428 427 1481 1394 1223 876 539 414 413 
212 370 413 414 539 876 1223 1394 1481 427 428 806 995 445 446 666 70 69 275 575 1070 1175 1316 1381 473 357 356 1050 529 492 276 252 251 
317 1215 0 
1215 317 0 
1261 8 1266 1210 980 982 874 847 710 230 64 65 967 157 156 414 539 876 1223 1394 1481 1535 186 72 73 339 81 84 384 547 645 823 1030 770 769 973 648 649 871 988 1109 1120 713 714 780 892 245 246 102 101 282 280 1097 935 937 1021 548 471 109 111 122 132 138 21 19 1104 889 890 897 1091 877 782 573 304 17 16 29 
8 1261 29 16 17 304 573 782 877 1091 897 890 889 1104 19 21 138 132 122 111 109 471 548 1021 937 935 1097 280 282 101 102 246 245 892 780 714 713 1120 1109 988 871 649 648 973 769 770 1030 823 645 547 384 84 81 339 73 72 186 1535 1481 1394 1223 876 539 414 156 157 967 65 64 230 710 847 874 982 980 1210 1266 
634 1276 949 948 1154 1172 1248 287 199 95 87 76 75 167 268 269 375 378 950 368 367 1050 356 357 473 461 462 371 3 1 942 448 221 222 1116 701 9 8 1108 1109 1120 713 714 780 892 245 246 102 101 282 280 1097 115 116 1441 1440 399 401 292 291 
1276 634 291 292 401 399 1440 1441 116 115 1097 280 282 101 102 246 245 892 780 714 713 1120 1109 1108 8 9 701 1116 222 221 448 942 1 3 371 462 461 473 357 356 1050 367 368 950 378 375 269 268 167 75 76 87 95 199 287 1248 1172 1154 948 949 
1054 577 0 
577 1054 0 
109 477 0 
477 109 0 
905 1293 0 
1293 905 0 
288 282 408 409 1575 1097 115 116 1441 1440 399 401 292 290 224 226 1552 1519 556 
282 288 556 1519 1552 226 224 290 292 401 399 1440 1441 116 115 1097 1575 409 408 
52 663 0 
663 52 0 
982 1215 0 
1215 982 0 
1215 765 0 
765 1215 0 
623 76 1008 186 185 995 445 446 667 926 1016 1095 1200 1309 1363 449 447 1013 840 512 513 1534 197 
76 623 197 1534 513 512 840 1013 447 449 1363 1309 1200 1095 1016 926 667 446 445 995 185 186 1008 
429 1269 387 101 102 246 245 892 780 714 713 1120 1109 1108 8 9 701 985 869 690 613 479 261 176 175 
1269 429 175 176 261 479 613 690 869 985 701 9 8 1108 1109 1120 713 714 780 892 245 246 102 101 387 
532 580 0 
580 532 0 
800 1184 708 323 22 23 1161 810 193 191 330 1424 376 378 950 368 367 1050 356 357 473 461 462 371 3 1 942 448 221 222 1116 701 9 8 1108 988 772 300 6 4 
1184 800 4 6 300 772 988 1108 8 9 701 1116 222 221 448 942 1 3 371 462 461 473 357 356 1050 367 368 950 378 376 1424 330 191 193 810 1161 23 22 323 708 
80 1054 52 53 441 1093 1286 1535 186 72 73 339 81 84 384 547 645 823 1030 770 769 973 648 649 871 988 1109 1120 713 714 780 892 245 246 102 101 282 280 1097 115 116 1441 1440 399 401 402 887 841 842 844 1353 1354 1336 1088 915 914 1143 1144 1311 
1054 80 1311 1144 1143 914 915 1088 1336 1354 1353 844 842 841 887 402 401 399 1440 1441 116 115 1097 280 282 101 102 246 245 892 780 714 713 1120 1109 988 871 649 648 973 769 770 1030 823 645 547 384 84 81 339 73 72 186 1535 1286 1093 441 53 52 
798 514 0 
514 798 0 
1289 580 0 
580 1289 0 
151 1121 335 343 31 32 449 221 222 1116 701 9 8 1108 1109 1120 713 714 780 892 245 246 102 101 282 280 1097 935 937 1021 548 471 109 111 122 132 138 21 19 1104 889 890 897 1091 1090 1582 1453 1454 1506 1511 
1121 151 1511 1506 1454 1453 1582 1090 1091 897 890 889 1104 19 21 138 132 122 111 109 471 548 1021 937 935 1097 280 282 101 102 246 245 892 780 714 713 1120 1109 1108 8 9 701 1116 222 221 449 32 31 343 335 
1260 1011 1579 1264 1149 1148 1152 1206 1211 19 21 138 132 122 111 109 471 548 1021 937 935 1097 280 282 101 102 246 245 892 780 714 713 1120 1109 1108 8 9 701 1116 222 221 449 1363 1309 1200 1095 1016 926 667 585 584 970 969 1038 1037 1040 1187 1370 1379 
1011 1260 1379 1370 1187 1040 1037 1038 969 970 584 585 667 926 1016 1095 1200 1309 1363 449 221 222 1116 701 9 8 1108 1109 1120 713 714 780 892 245 246 102 101 282 280 1097 935 937 1021 548 471 109 111 122 132 138 21 19 1211 1206 1152 1148 1149 1264 1579 
634 1215 0 
1215 634 0 
873 108 879 880 1355 1534 513 512 840 1013 447 449 1363 1028 966 884 821 675 455 344 262 
108 873 262 344 455 675 821 884 966 1028 1363 449 447 1013 840 512 513 1534 1355 880 879 
1316 873 1479 461 462 371 3 1 942 448 447 1013 840 512 513 1534 1355 880 879 
873 1316 879 880 1355 1534 513 512 840 1013 447 448 942 1 3 371 462 461 1479 
370 443 251 252 276 492 529 1050 356 357 473 461 462 371 3 1 942 448 221 222 1116 701 9 8 1108 1109 1120 713 714 780 892 245 246 102 101 282 280 1097 935 937 1021 818 544 336 338 760 759 
443 370 759 760 338 336 544 818 1021 937 935 1097 280 282 101 102 246 245 892 780 714 713 1120 1109 1108 8 9 701 1116 222 221 448 942 1 3 371 462 461 473 357 356 1050 529 492 276 252 251 
158 798 0 
798 158 0 
80 856 52 53 441 1093 1286 427 428 806 995 445 446 666 70 69 275 575 1070 1175 1316 1287 
856 80 1287 1316 1175 1070 575 275 69 70 666 446 445 995 806 428 427 1286 1093 441 53 52 
856 420 1287 1316 1175 1070 575 275 69 70 666 446 445 995 806 428 427 1286 1093 992 802 720 719 
420 856 719 720 802 992 1093 1286 427 428 806 995 445 446 666 70 69 275 575 1070 1175 1316 1287 
1068 174 1474 1524 1276 1220 1110 20 21 138 132 122 111 109 471 548 1021 937 935 1097 280 282 101 102 246 245 892 780 714 713 1120 1109 1108 8 9 701 1116 222 221 449 1363 1028 966 884 821 675 455 373 
174 1068 373 455 675 821 884 966 1028 1363 449 221 222 1116 701 9 8 1108 1109 1120 713 714 780 892 245 246 102 101 282 280 1097 935 937 1021 548 471 109 111 122 132 138 21 20 1110 1220 1276 1524 1474 
1142 38 0 
38 1142 0 
1068 1131 1474 1524 1276 1220 1110 20 21 138 132 122 111 109 471 548 1021 937 935 1097 280 282 101 102 246 245 892 780 714 713 1120 1121 1521 
1131 1068 1521 1121 1120 713 714 780 892 245 246 102 101 282 280 1097 935 937 1021 548 471 109 111 122 132 138 21 20 1110 1220 1276 1524 1474 
38 291 0 
291 38 0 
416 8 744 1222 1155 1154 1172 1248 287 199 95 87 76 75 167 268 269 375 378 950 368 367 1050 356 357 473 461 462 371 3 1 942 448 221 222 1116 701 9 8 1108 1109 1120 713 714 780 892 245 246 102 101 282 280 1097 935 937 1021 548 471 109 111 122 132 138 21 19 1104 889 890 897 1091 877 782 573 304 17 16 29 
8 416 29 16 17 304 573 782 877 1091 897 890 889 1104 19 21 138 132 122 111 109 471 548 1021 937 935 1097 280 282 101 102 246 245 892 780 714 713 1120 1109 1108 8 9 701 1116 222 221 448 942 1 3 371 462 461 473 357 356 1050 367 368 950 378 375 269 268 167 75 76 87 95 199 287 1248 1172 1154 1155 1222 744 
644 433 1043 18 17 304 573 782 877 1091 897 890 889 1104 19 21 138 132 122 111 109 471 548 1021 937 935 1097 280 282 101 102 246 245 892 780 714 713 1120 1109 1108 8 9 701 1116 222 221 449 1363 1309 1200 1095 1016 926 667 585 586 1106 771 
433 644 771 1106 586 585 667 926 1016 1095 1200 1309 1363 449 221 222 1116 701 9 8 1108 1109 1120 713 714 780 892 245 246 102 101 282 280 1097 935 937 1021 548 471 109 111 122 132 138 21 19 1104 889 890 897 1091 877 782 573 304 17 18 1043 
644 64 1043 18 17 304 573 782 877 1091 897 890 889 1104 19 20 1110 1221 419 417 421 423 588 781 1088 1335 1504 173 
64 644 173 1504 1335 1088 781 588 423 421 417 419 1221 1110 20 19 1104 889 890 897 1091 877 782 573 304 17 18 1043 
644 1131 1043 18 17 304 573 782 877 1091 897 890 889 1104 19 21 138 132 122 111 109 471 548 1021 937 935 1097 280 282 101 102 246 245 892 780 714 713 1120 1121 1521 
1131 644 1521 1121 1120 713 714 780 892 245 246 102 101 282 280 1097 935 937 1021 548 471 109 111 122 132 138 21 19 1104 889 890 897 1091 877 782 573 304 17 18 1043 
914 1286 873 847 710 230 64 65 967 157 156 414 539 876 1223 1394 1481 427 428 806 995 445 446 585 584 970 605 604 765 1025 1258 
1286 914 1258 1025 765 604 605 970 584 585 446 445 995 806 428 427 1481 1394 1223 876 539 414 156 157 967 65 64 230 710 847 873 
1131 444 1521 301 11 9 701 1116 222 221 448 942 1 3 371 462 461 473 357 356 1050 367 368 950 378 375 269 268 167 75 77 1061 1073 580 531 533 
444 1131 533 531 580 1073 1061 77 75 167 268 269 375 378 950 368 367 1050 356 357 473 461 462 371 3 1 942 448 221 222 1116 701 9 11 301 1521 
151 287 335 51 48 1570 1405 666 446 445 995 806 428 429 
287 151 429 428 806 995 445 446 666 1405 1570 48 51 335 
1113 1255 86 76 75 167 268 269 375 378 950 368 367 1050 356 357 473 461 462 371 3 1 942 448 221 222 1116 701 9 8 1108 1109 1120 713 714 780 892 245 246 102 101 282 280 1097 935 937 1021 548 471 109 111 122 132 138 21 19 1104 889 890 897 1091 877 782 573 304 17 16 1565 1566 
1255 1113 1566 1565 16 17 304 573 782 877 1091 897 890 889 1104 19 21 138 132 122 111 109 471 548 1021 937 935 1097 280 282 101 102 246 245 892 780 714 713 1120 1109 1108 8 9 701 1116 222 221 448 942 1 3 371 462 461 473 357 356 1050 367 368 950 378 375 269 268 167 75 76 86 
1289 669 0 
669 1289 0 
1286 1300 1258 1025 765 604 605 969 1543 768 767 1099 1465 
1300 1286 1465 1099 767 768 1543 969 605 604 765 1025 1258 
48 856 143 210 434 201 202 221 448 942 1 3 371 462 461 1381 1287 
856 48 1287 1381 461 462 371 3 1 942 448 221 202 201 434 210 143 
1184 1255 4 6 299 412 538 572 714 780 892 245 246 102 101 282 280 1097 935 937 1021 548 471 109 111 122 132 138 21 19 1104 889 890 897 1091 877 782 573 304 17 16 1565 1566 
1255 1184 1566 1565 16 17 304 573 782 877 1091 897 890 889 1104 19 21 138 132 122 111 109 471 548 1021 937 935 1097 280 282 101 102 246 245 892 780 714 572 538 412 299 6 4 
775 663 0 
663 775 0 
1215 386 0 
386 1215 0 
1117 1141 1176 1175 1316 1381 473 357 356 1050 529 492 276 277 
1141 1117 277 276 492 529 1050 356 357 473 1381 1316 1175 1176 
329 1112 542 541 880 1355 1534 513 512 840 1013 447 448 942 1 3 371 462 461 473 357 356 1050 367 368 950 378 375 269 268 167 75 76 87 93 895 896 1396 1499 
1112 329 1499 1396 896 895 93 87 76 75 167 268 269 375 378 950 368 367 1050 356 357 473 461 462 371 3 1 942 448 447 1013 840 512 513 1534 1355 880 541 542 
685 1316 0 
1316 685 0 
909 76 1341 937 935 1097 280 282 101 102 246 245 892 780 779 798 1388 316 315 541 880 1355 197 
76 909 197 1355 880 541 315 316 1388 798 779 780 892 245 246 102 101 282 280 1097 935 937 1341 
404 151 440 441 1093 1286 427 428 806 995 445 446 666 1405 1570 48 51 335 
151 404 335 51 48 1570 1405 666 446 445 995 806 428 427 1286 1093 441 440 
708 137 1058 240 60 59 733 597 337 336 544 818 1021 1362 1441 1440 399 401 402 887 841 843 1269 1452 164 165 
137 708 165 164 1452 1269 843 841 887 402 401 399 1440 1441 1362 1021 818 544 336 337 597 733 59 60 240 1058 
611 158 936 935 1097 280 282 101 102 246 245 892 780 714 713 1120 1109 1108 8 9 701 1116 222 221 448 943 309 310 444 691 1069 219 220 348 
158 611 348 220 219 1069 691 444 310 309 943 448 221 222 1116 701 9 8 1108 1109 1120 713 714 780 892 245 246 102 101 282 280 1097 935 936 
282 1141 556 1519 1552 226 224 290 292 401 399 1440 1441 116 115 1097 280 282 101 102 246 245 892 780 714 713 1120 1109 1108 8 9 701 1116 222 221 448 942 1 3 371 462 461 473 357 356 1050 529 492 276 277 
1141 282 277 276 492 529 1050 356 357 473 461 462 371 3 1 942 448 221 222 1116 701 9 8 1108 1109 1120 713 714 780 892 245 246 102 101 282 280 1097 115 116 1441 1440 399 401 292 290 224 226 1552 1519 556 
38 775 0 
775 38 0 
137 79 165 164 1531 1335 1088 781 662 657 203 
79 137 203 657 662 781 1088 1335 1531 164 165 
1184 579 0 
579 1184 0 
1184 1269 4 5 182 405 403 648 973 769 770 1180 1445 140 141 261 176 175 
1269 1184 175 176 261 141 140 1445 1180 770 769 973 648 403 405 182 5 4 
775 416 1177 1098 1027 1028 1363 32 31 564 717 370 371 462 461 473 357 356 1050 367 368 950 378 375 269 268 167 75 76 87 95 199 287 1248 1172 1154 1155 1222 744 
416 775 744 1222 1155 1154 1172 1248 287 199 95 87 76 75 167 268 269 375 378 950 368 367 1050 356 357 473 461 462 371 370 717 564 31 32 1363 1028 1027 1098 1177 
1112 60 1499 1396 896 895 93 87 76 75 167 268 269 375 378 950 368 367 1050 356 357 473 461 462 371 3 1 942 448 221 222 1116 701 9 8 1108 1109 1120 713 714 780 892 245 246 102 101 282 280 1097 935 937 1021 548 471 109 111 122 132 138 21 19 1104 889 891 1589 169 
60 1112 169 1589 891 889 1104 19 21 138 132 122 111 109 471 548 1021 937 935 1097 280 282 101 102 246 245 892 780 714 713 1120 1109 1108 8 9 701 1116 222 221 448 942 1 3 371 462 461 473 357 356 1050 367 368 950 378 375 269 268 167 75 76 87 93 895 896 1396 1499 
158 909 348 220 219 1069 691 444 310 309 943 448 221 222 1116 701 9 8 1108 1109 1120 713 714 780 892 245 246 102 101 282 280 1097 935 937 1341 
909 158 1341 937 935 1097 280 282 101 102 246 245 892 780 714 713 1120 1109 1108 8 9 701 1116 222 221 448 943 309 310 444 691 1069 219 220 348 
977 1289 1294 1196 919 920 97 96 114 1313 
1289 977 1313 114 96 97 920 919 1196 1294 
905 775 1338 1326 1323 736 735 734 487 482 478 476 566 716 805 864 960 1031 1077 1162 1232 1299 1239 1011 905 836 631 503 288 199 95 87 76 75 167 268 269 375 378 950 368 367 1050 356 357 473 461 462 371 370 717 564 31 32 1363 1028 1027 1098 1177 
775 905 1177 1098 1027 1028 1363 32 31 564 717 370 371 462 461 473 357 356 1050 367 368 950 378 375 269 268 167 75 76 87 95 199 288 503 631 836 905 1011 1239 1299 1232 1162 1077 1031 960 864 805 716 566 476 478 482 487 734 735 736 1323 1326 1338 
940 1112 983 982 874 847 710 230 64 65 967 157 156 414 539 876 1223 1394 1481 427 428 806 995 445 446 666 70 69 275 575 1070 1175 1316 1381 473 357 356 1050 367 368 950 378 375 269 268 167 75 76 87 93 895 896 1396 1499 
1112 940 1499 1396 896 895 93 87 76 75 167 268 269 375 378 950 368 367 1050 356 357 473 1381 1316 1175 1070 575 275 69 70 666 446 445 995 806 428 427 1481 1394 1223 876 539 414 156 157 967 65 64 230 710 847 874 982 983 
337 208 627 1486 1343 577 531 495 494 360 294 293 125 126 139 912 688 308 151 149 
208 337 149 151 308 688 912 139 126 125 293 294 360 494 495 531 577 1343 1486 627 
1131 706 1521 1121 1109 988 871 649 648 973 769 770 1030 823 645 547 545 1023 
706 1131 1023 545 547 645 823 1030 770 769 973 648 649 871 988 1109 1121 1521 
1215 1260 0 
1260 1215 0 
1141 1112 277 276 492 529 367 368 950 378 375 269 268 167 75 76 87 93 895 896 1396 1499 
1112 1141 1499 1396 896 895 93 87 76 75 167 268 269 375 378 950 368 367 529 492 276 277 
121 1316 283 282 101 102 246 245 892 780 714 713 1120 1109 1108 8 9 701 1116 222 221 448 942 1 3 371 462 461 1479 
1316 121 1479 461 462 371 3 1 942 448 221 222 1116 701 9 8 1108 1109 1120 713 714 780 892 245 246 102 101 282 283 
1112 775 1499 1396 896 895 93 87 76 75 167 268 269 375 378 950 368 367 1050 356 357 473 461 462 371 370 717 564 31 32 1363 1028 1027 1098 1177 
775 1112 1177 1098 1027 1028 1363 32 31 564 717 370 371 462 461 473 357 356 1050 367 368 950 378 375 269 268 167 75 76 87 93 895 896 1396 1499 
79 1018 203 658 707 704 705 773 774 842 841 887 402 401 399 1440 1441 116 115 1097 280 282 101 102 246 245 892 780 714 713 1120 1109 988 871 649 648 973 769 770 1030 823 645 547 384 84 81 339 73 72 186 1535 1481 1394 1223 1126 1113 1112 
1018 79 1112 1113 1126 1223 1394 1481 1535 186 72 73 339 81 84 384 547 645 823 1030 770 769 973 648 649 871 988 1109 1120 713 714 780 892 245 246 102 101 282 280 1097 115 116 1441 1440 399 401 402 887 841 842 774 773 705 704 707 658 203 
775 856 1177 1098 1027 1028 1363 32 31 564 717 370 371 462 461 1381 1287 
856 775 1287 1381 461 462 371 370 717 564 31 32 1363 1028 1027 1098 1177 
859 151 1071 575 576 753 856 341 335 
151 859 335 341 856 753 576 575 1071 
1300 158 1465 1099 767 768 1543 969 970 584 585 666 1405 1570 48 51 342 1044 370 371 752 1069 219 220 348 
158 1300 348 220 219 1069 752 371 370 1044 342 51 48 1570 1405 666 585 584 970 969 1543 768 767 1099 1465 
337 1215 0 
1215 337 0 
821 1311 307 308 642 641 599 600 836 631 503 288 199 95 87 76 75 167 268 269 375 378 950 368 367 1050 356 357 473 461 462 371 3 1 942 448 221 222 1116 701 9 8 1108 1109 1120 713 714 780 892 245 246 102 101 282 280 1097 935 937 1021 818 544 336 337 597 733 59 60 242 
1311 821 242 60 59 733 597 337 336 544 818 1021 937 935 1097 280 282 101 102 246 245 892 780 714 713 1120 1109 1108 8 9 701 1116 222 221 448 942 1 3 371 462 461 473 357 356 1050 367 368 950 378 375 269 268 167 75 76 87 95 199 288 503 631 836 600 599 641 642 308 307 
859 443 1071 575 576 753 856 341 343 31 32 449 221 222 1116 701 9 8 1108 1109 1120 713 714 780 892 245 246 102 101 282 280 1097 935 937 1021 818 544 336 338 760 759 
443 859 759 760 338 336 544 818 1021 937 935 1097 280 282 101 102 246 245 892 780 714 713 1120 1109 1108 8 9 701 1116 222 221 449 32 31 343 341 856 753 576 575 1071 
603 1316 991 1113 1126 1223 1394 1481 427 428 806 995 445 446 666 70 69 275 575 1070 1175 1316 1381 1479 
1316 603 1479 1381 1316 1175 1070 575 275 69 70 666 446 445 995 806 428 427 1481 1394 1223 1126 1113 991 
1269 186 175 176 261 141 140 1445 1180 770 392 
186 1269 392 770 1180 1445 140 141 261 176 175 
79 1300 203 658 707 704 705 773 774 842 841 887 402 401 399 1440 1441 116 115 1097 280 282 101 102 246 245 892 780 714 713 1120 1109 1108 8 9 701 1116 222 221 449 1363 1309 1200 1095 1016 926 667 585 584 970 969 1543 768 767 1099 1465 
1300 79 1465 1099 767 768 1543 969 970 584 585 667 926 1016 1095 1200 1309 1363 449 221 222 1116 701 9 8 1108 1109 1120 713 714 780 892 245 246 102 101 282 280 1097 115 116 1441 1440 399 401 402 887 841 842 774 773 705 704 707 658 203 
775 706 1177 825 480 261 176 174 1409 1202 1142 1024 1023 
706 775 1023 1024 1142 1202 1409 174 176 261 480 825 1177 
79 977 0 
977 79 0 
1311 977 0 
977 1311 0 
109 337 263 382 760 338 336 544 818 1021 937 935 1097 280 282 101 102 246 245 892 780 714 713 1120 1109 1108 8 9 701 1116 222 221 448 942 1 3 371 462 461 473 357 356 1050 367 368 950 378 375 269 268 167 168 1059 1496 729 728 1170 1538 627 
337 109 627 1538 1170 728 729 1496 1059 168 167 268 269 375 378 950 368 367 1050 356 357 473 461 462 371 3 1 942 448 221 222 1116 701 9 8 1108 1109 1120 713 714 780 892 245 246 102 101 282 280 1097 935 937 1021 818 544 336 338 760 382 263 
109 706 263 382 760 338 336 544 818 1021 937 935 1097 280 282 101 102 246 245 892 780 714 713 1120 1109 988 871 649 648 973 769 770 1030 823 645 547 545 1023 
706 109 1023 545 547 645 823 1030 770 769 973 648 649 871 988 1109 1120 713 714 780 892 245 246 102 101 282 280 1097 935 937 1021 818 544 336 338 760 382 263 
603 443 991 1113 1126 1223 1394 1481 1535 186 72 73 339 81 84 384 547 645 823 1030 770 769 973 648 649 871 988 1109 1120 713 714 780 892 245 246 102 101 282 280 1097 935 937 1021 818 544 336 338 760 759 
443 603 759 760 338 336 544 818 1021 937 935 1097 280 282 101 102 246 245 892 780 714 713 1120 1109 988 871 649 648 973 769 770 1030 823 645 547 384 84 81 339 73 72 186 1535 1481 1394 1223 1126 1113 991 
706 443 1023 545 547 645 823 1030 770 769 973 648 649 871 988 1109 1120 713 714 780 892 245 246 102 101 282 280 1097 935 937 1021 818 544 336 338 760 759 
443 706 759 760 338 336 544 818 1021 937 935 1097 280 282 101 102 246 245 892 780 714 713 1120 1109 988 871 649 648 973 769 770 1030 823 645 547 545 1023 
1269 977 0 
977 1269 0 
977 706 0 
706 977 0 
1013 977 0 
977 1013 0 
